200
0 2 15.0
0 3 6.0
0 10 9.0
0 14 18.0
0 23 5.0
0 45 3.0
0 58 9.0
0 62 3.0
0 78 2.0
0 79 14.0
0 81 18.0
0 89 1.0
0 95 10.0
0 97 3.0
0 104 12.0
0 111 5.0
0 114 8.0
0 117 12.0
0 125 1.0
0 133 2.0
0 135 5.0
0 144 1.0
0 184 9.0
0 6 3.0
0 34 4.0
0 35 12.0
0 43 11.0
0 44 14.0
0 47 2.0
0 66 4.0
0 73 18.0
0 75 4.0
0 76 16.0
0 85 18.0
0 90 2.0
0 115 9.0
0 118 13.0
0 127 13.0
0 142 10.0
0 147 14.0
0 152 7.0
0 153 11.0
0 154 4.0
0 156 15.0
0 180 9.0
0 193 9.0
0 195 13.0
1 7 18.0
1 9 14.0
1 10 5.0
1 26 16.0
1 39 3.0
1 56 3.0
1 63 12.0
1 77 16.0
1 100 8.0
1 121 2.0
1 126 3.0
1 127 6.0
1 148 1.0
1 152 18.0
1 153 12.0
1 154 15.0
1 156 12.0
1 160 2.0
1 177 11.0
1 191 10.0
1 192 8.0
1 199 8.0
1 5 19.0
1 23 5.0
1 27 10.0
1 45 2.0
1 47 9.0
1 55 9.0
1 60 4.0
1 61 19.0
1 65 9.0
1 67 6.0
1 82 11.0
1 86 17.0
1 90 7.0
1 105 12.0
1 111 10.0
1 118 12.0
1 132 5.0
1 140 13.0
1 149 5.0
1 168 19.0
1 174 15.0
1 175 10.0
1 181 15.0
1 183 10.0
1 190 5.0
2 5 4.0
2 9 10.0
2 23 12.0
2 29 7.0
2 30 12.0
2 31 13.0
2 35 9.0
2 38 6.0
2 40 9.0
2 57 13.0
2 59 5.0
2 60 6.0
2 69 11.0
2 70 6.0
2 77 11.0
2 81 17.0
2 83 1.0
2 84 7.0
2 100 18.0
2 103 18.0
2 115 1.0
2 125 3.0
2 131 5.0
2 133 8.0
2 135 13.0
2 154 15.0
2 161 16.0
2 164 12.0
2 176 4.0
2 178 3.0
2 181 3.0
2 199 19.0
2 4 6.0
2 6 12.0
2 8 1.0
2 26 7.0
2 41 2.0
2 44 7.0
2 46 8.0
2 49 16.0
2 51 14.0
2 63 3.0
2 88 15.0
2 91 19.0
2 92 2.0
2 96 1.0
2 118 2.0
2 134 13.0
2 137 6.0
2 138 15.0
2 153 3.0
2 156 9.0
2 160 1.0
2 171 13.0
2 182 18.0
2 185 3.0
2 193 3.0
3 4 12.0
3 7 7.0
3 25 2.0
3 27 8.0
3 39 3.0
3 43 18.0
3 48 2.0
3 54 6.0
3 55 11.0
3 63 18.0
3 85 13.0
3 91 8.0
3 104 8.0
3 116 6.0
3 118 10.0
3 130 15.0
3 140 16.0
3 141 18.0
3 145 18.0
3 148 18.0
3 152 9.0
3 155 16.0
3 165 9.0
3 176 15.0
3 195 7.0
3 5 4.0
3 13 16.0
3 14 12.0
3 17 15.0
3 18 5.0
3 24 4.0
3 29 13.0
3 41 11.0
3 44 1.0
3 61 15.0
3 73 15.0
3 84 12.0
3 92 18.0
3 100 7.0
3 102 2.0
3 103 19.0
3 106 10.0
3 128 12.0
3 132 14.0
3 146 1.0
3 153 14.0
3 162 8.0
3 171 12.0
3 179 1.0
3 198 5.0
4 8 15.0
4 13 15.0
4 53 12.0
4 59 2.0
4 71 16.0
4 73 8.0
4 76 11.0
4 80 3.0
4 111 5.0
4 113 16.0
4 120 7.0
4 121 5.0
4 122 6.0
4 125 11.0
4 137 4.0
4 143 9.0
4 149 4.0
4 150 9.0
4 155 13.0
4 160 13.0
4 163 6.0
4 164 4.0
4 173 1.0
4 176 19.0
4 180 16.0
4 181 1.0
4 18 4.0
4 21 7.0
4 22 18.0
4 31 9.0
4 40 1.0
4 46 3.0
4 47 17.0
4 48 4.0
4 54 7.0
4 60 16.0
4 82 16.0
4 105 15.0
4 108 1.0
4 110 10.0
4 112 16.0
4 128 2.0
4 130 16.0
4 152 11.0
4 161 9.0
4 178 16.0
4 197 16.0
5 16 13.0
5 17 3.0
5 21 15.0
5 27 12.0
5 29 11.0
5 32 19.0
5 40 1.0
5 43 1.0
5 56 14.0
5 64 5.0
5 65 11.0
5 66 1.0
5 74 17.0
5 77 1.0
5 88 12.0
5 101 13.0
5 102 17.0
5 111 1.0
5 112 14.0
5 113 15.0
5 124 17.0
5 127 18.0
5 132 14.0
5 134 5.0
5 142 5.0
5 160 13.0
5 175 2.0
5 198 7.0
5 199 17.0
5 6 18.0
5 14 10.0
5 23 14.0
5 30 9.0
5 36 9.0
5 47 3.0
5 58 14.0
5 63 6.0
5 81 6.0
5 89 10.0
5 99 11.0
5 100 6.0
5 122 14.0
5 130 9.0
5 144 8.0
5 158 7.0
5 164 2.0
5 165 1.0
5 172 13.0
5 179 13.0
5 187 15.0
5 195 4.0
5 196 13.0
6 8 3.0
6 21 7.0
6 34 13.0
6 43 19.0
6 47 18.0
6 55 14.0
6 68 11.0
6 82 7.0
6 86 19.0
6 98 17.0
6 103 7.0
6 105 13.0
6 106 17.0
6 118 1.0
6 123 15.0
6 143 7.0
6 167 6.0
6 168 6.0
6 171 14.0
6 175 2.0
6 181 9.0
6 188 5.0
6 18 14.0
6 19 7.0
6 24 5.0
6 38 18.0
6 52 4.0
6 64 3.0
6 66 10.0
6 71 11.0
6 72 19.0
6 78 11.0
6 84 3.0
6 108 19.0
6 138 19.0
6 146 6.0
6 157 14.0
6 163 5.0
6 174 4.0
7 12 7.0
7 15 11.0
7 24 5.0
7 28 3.0
7 29 2.0
7 33 9.0
7 36 16.0
7 38 12.0
7 50 9.0
7 54 1.0
7 62 17.0
7 77 14.0
7 83 4.0
7 85 11.0
7 87 16.0
7 90 17.0
7 99 13.0
7 104 2.0
7 119 9.0
7 149 7.0
7 150 5.0
7 151 2.0
7 156 8.0
7 161 4.0
7 170 14.0
7 173 6.0
7 182 7.0
7 188 14.0
7 22 15.0
7 32 13.0
7 47 18.0
7 49 17.0
7 53 15.0
7 57 8.0
7 61 18.0
7 66 1.0
7 81 9.0
7 86 15.0
7 100 14.0
7 101 16.0
7 113 1.0
7 123 10.0
7 134 3.0
7 137 18.0
7 141 18.0
7 152 13.0
7 165 13.0
7 169 11.0
7 178 9.0
7 190 7.0
7 199 9.0
8 13 3.0
8 15 2.0
8 34 18.0
8 54 1.0
8 58 19.0
8 59 11.0
8 62 15.0
8 74 16.0
8 77 17.0
8 80 7.0
8 84 15.0
8 87 19.0
8 89 10.0
8 93 1.0
8 95 6.0
8 105 17.0
8 110 19.0
8 121 9.0
8 125 4.0
8 134 14.0
8 136 19.0
8 193 10.0
8 196 11.0
8 10 12.0
8 11 12.0
8 12 14.0
8 17 13.0
8 21 4.0
8 23 2.0
8 26 9.0
8 39 12.0
8 44 11.0
8 49 1.0
8 50 2.0
8 51 19.0
8 53 8.0
8 56 19.0
8 57 17.0
8 67 15.0
8 68 12.0
8 78 17.0
8 126 17.0
8 137 14.0
8 142 4.0
8 146 17.0
8 155 19.0
8 162 15.0
8 167 3.0
8 171 7.0
8 174 5.0
8 175 16.0
8 176 12.0
8 181 19.0
8 192 14.0
8 197 14.0
8 199 14.0
9 21 6.0
9 29 5.0
9 41 14.0
9 46 19.0
9 65 16.0
9 74 15.0
9 79 15.0
9 86 8.0
9 89 1.0
9 90 5.0
9 95 9.0
9 110 6.0
9 129 18.0
9 130 12.0
9 131 9.0
9 149 3.0
9 155 7.0
9 157 11.0
9 165 15.0
9 170 19.0
9 171 15.0
9 175 5.0
9 189 18.0
9 197 9.0
9 24 11.0
9 32 18.0
9 35 4.0
9 39 14.0
9 45 2.0
9 47 6.0
9 50 18.0
9 59 18.0
9 66 15.0
9 69 10.0
9 72 10.0
9 84 19.0
9 94 1.0
9 98 8.0
9 100 11.0
9 114 14.0
9 119 19.0
9 122 3.0
9 125 8.0
9 139 15.0
9 148 14.0
9 178 5.0
9 179 10.0
9 190 1.0
9 191 16.0
9 195 2.0
10 11 2.0
10 18 18.0
10 26 18.0
10 27 15.0
10 32 17.0
10 43 1.0
10 47 7.0
10 57 11.0
10 62 1.0
10 67 8.0
10 82 10.0
10 87 5.0
10 90 9.0
10 92 3.0
10 104 4.0
10 123 3.0
10 134 3.0
10 138 14.0
10 143 11.0
10 150 16.0
10 165 13.0
10 167 15.0
10 172 19.0
10 173 12.0
10 177 17.0
10 178 17.0
10 182 6.0
10 194 6.0
10 13 7.0
10 19 1.0
10 24 4.0
10 42 1.0
10 44 1.0
10 45 3.0
10 58 4.0
10 76 18.0
10 80 17.0
10 98 19.0
10 105 9.0
10 106 13.0
10 107 6.0
10 110 10.0
10 118 13.0
10 120 6.0
10 132 7.0
10 147 16.0
10 159 9.0
10 176 5.0
10 179 6.0
10 185 18.0
11 12 12.0
11 19 7.0
11 38 8.0
11 39 7.0
11 41 7.0
11 48 16.0
11 75 11.0
11 90 13.0
11 92 6.0
11 104 5.0
11 106 13.0
11 125 15.0
11 131 4.0
11 161 3.0
11 167 11.0
11 170 18.0
11 174 8.0
11 176 6.0
11 179 13.0
11 182 9.0
11 184 19.0
11 189 5.0
11 190 8.0
11 15 5.0
11 27 5.0
11 49 9.0
11 57 13.0
11 61 6.0
11 62 16.0
11 74 12.0
11 85 4.0
11 88 3.0
11 94 7.0
11 96 15.0
11 97 8.0
11 105 6.0
11 115 11.0
11 117 2.0
11 126 19.0
11 127 10.0
11 129 17.0
11 132 6.0
11 142 13.0
11 153 4.0
11 156 1.0
11 162 5.0
11 168 15.0
11 169 10.0
11 185 13.0
11 187 10.0
11 188 7.0
11 194 13.0
12 19 16.0
12 27 18.0
12 31 9.0
12 62 14.0
12 65 13.0
12 83 11.0
12 84 7.0
12 89 3.0
12 93 8.0
12 94 14.0
12 100 14.0
12 111 19.0
12 112 7.0
12 113 19.0
12 119 12.0
12 120 9.0
12 129 16.0
12 137 5.0
12 175 16.0
12 181 5.0
12 190 10.0
12 197 5.0
12 17 9.0
12 30 18.0
12 33 17.0
12 42 1.0
12 49 13.0
12 52 5.0
12 76 16.0
12 87 3.0
12 95 10.0
12 97 12.0
12 102 15.0
12 121 6.0
12 122 5.0
12 155 13.0
12 157 9.0
12 158 19.0
12 165 19.0
12 178 8.0
12 191 8.0
13 17 14.0
13 18 5.0
13 33 14.0
13 35 11.0
13 37 8.0
13 39 17.0
13 46 12.0
13 73 6.0
13 76 1.0
13 83 3.0
13 89 9.0
13 91 4.0
13 97 8.0
13 105 8.0
13 134 9.0
13 138 17.0
13 151 6.0
13 152 19.0
13 167 8.0
13 171 6.0
13 176 13.0
13 179 13.0
13 180 15.0
13 195 16.0
13 21 6.0
13 31 17.0
13 34 5.0
13 36 3.0
13 49 19.0
13 51 14.0
13 52 6.0
13 55 4.0
13 56 1.0
13 69 4.0
13 81 10.0
13 88 19.0
13 102 9.0
13 107 17.0
13 114 12.0
13 127 9.0
13 153 16.0
13 164 6.0
13 174 10.0
13 185 11.0
13 197 1.0
14 16 18.0
14 18 10.0
14 23 9.0
14 30 16.0
14 65 8.0
14 69 19.0
14 86 19.0
14 100 8.0
14 110 12.0
14 119 16.0
14 126 19.0
14 136 2.0
14 137 10.0
14 138 10.0
14 144 6.0
14 147 15.0
14 148 16.0
14 151 19.0
14 160 14.0
14 163 14.0
14 173 13.0
14 190 11.0
14 193 9.0
14 17 14.0
14 28 18.0
14 66 14.0
14 67 17.0
14 71 2.0
14 75 17.0
14 82 3.0
14 96 1.0
14 101 1.0
14 109 5.0
14 117 4.0
14 121 4.0
14 130 10.0
14 132 9.0
14 140 18.0
14 142 17.0
14 154 5.0
14 159 17.0
14 162 3.0
14 166 7.0
14 167 15.0
14 180 7.0
15 16 16.0
15 28 1.0
15 35 8.0
15 52 9.0
15 64 1.0
15 75 11.0
15 78 1.0
15 79 5.0
15 80 6.0
15 110 16.0
15 115 2.0
15 124 17.0
15 129 9.0
15 133 19.0
15 134 11.0
15 136 4.0
15 138 9.0
15 142 2.0
15 153 3.0
15 157 3.0
15 162 7.0
15 164 18.0
15 176 3.0
15 181 1.0
15 41 18.0
15 49 9.0
15 50 11.0
15 53 8.0
15 62 11.0
15 63 4.0
15 70 5.0
15 89 14.0
15 94 18.0
15 100 5.0
15 104 13.0
15 106 14.0
15 113 11.0
15 122 8.0
15 140 4.0
15 145 16.0
15 146 13.0
15 163 9.0
15 167 6.0
15 169 1.0
15 175 8.0
15 183 11.0
15 192 14.0
15 199 10.0
16 23 16.0
16 25 2.0
16 29 6.0
16 30 16.0
16 32 3.0
16 43 17.0
16 54 5.0
16 67 17.0
16 99 14.0
16 102 14.0
16 125 10.0
16 130 16.0
16 137 2.0
16 160 14.0
16 175 12.0
16 185 14.0
16 186 19.0
16 187 15.0
16 194 5.0
16 197 2.0
16 21 14.0
16 31 5.0
16 42 2.0
16 56 16.0
16 65 4.0
16 75 16.0
16 79 1.0
16 93 15.0
16 94 18.0
16 120 11.0
16 133 10.0
16 147 2.0
16 159 1.0
16 164 13.0
16 169 4.0
16 177 12.0
16 178 2.0
16 181 15.0
16 190 12.0
16 196 5.0
17 18 16.0
17 20 5.0
17 33 7.0
17 34 12.0
17 39 19.0
17 53 4.0
17 74 1.0
17 76 6.0
17 80 7.0
17 84 17.0
17 85 5.0
17 86 17.0
17 99 16.0
17 104 1.0
17 109 19.0
17 121 14.0
17 156 6.0
17 157 19.0
17 175 14.0
17 183 3.0
17 184 12.0
17 186 10.0
17 188 1.0
17 191 14.0
17 195 10.0
17 198 9.0
17 21 14.0
17 23 5.0
17 25 8.0
17 41 12.0
17 42 8.0
17 49 19.0
17 51 7.0
17 55 9.0
17 56 2.0
17 58 19.0
17 60 11.0
17 64 7.0
17 77 16.0
17 82 6.0
17 89 10.0
17 97 9.0
17 98 4.0
17 111 10.0
17 123 5.0
17 127 1.0
17 142 6.0
17 151 7.0
17 159 2.0
17 173 5.0
17 194 2.0
17 196 16.0
18 23 3.0
18 29 8.0
18 37 7.0
18 58 1.0
18 64 7.0
18 65 5.0
18 66 6.0
18 68 5.0
18 69 8.0
18 73 2.0
18 75 15.0
18 82 19.0
18 87 1.0
18 99 4.0
18 102 8.0
18 111 2.0
18 120 7.0
18 129 3.0
18 133 1.0
18 163 4.0
18 166 19.0
18 171 5.0
18 176 2.0
18 181 1.0
18 182 18.0
18 24 6.0
18 39 8.0
18 48 10.0
18 60 6.0
18 62 17.0
18 67 11.0
18 91 13.0
18 101 3.0
18 103 17.0
18 112 6.0
18 119 18.0
18 122 13.0
18 126 11.0
18 132 11.0
18 136 18.0
18 137 15.0
18 139 13.0
18 140 17.0
18 143 5.0
18 151 8.0
18 161 12.0
18 164 12.0
18 169 11.0
18 187 19.0
18 195 1.0
19 20 6.0
19 26 1.0
19 31 2.0
19 37 4.0
19 41 11.0
19 48 2.0
19 57 5.0
19 61 7.0
19 62 5.0
19 64 10.0
19 72 8.0
19 91 16.0
19 97 13.0
19 113 8.0
19 126 7.0
19 127 9.0
19 134 5.0
19 141 14.0
19 149 16.0
19 165 12.0
19 167 7.0
19 171 19.0
19 172 9.0
19 174 4.0
19 195 10.0
19 198 17.0
19 23 9.0
19 24 3.0
19 30 19.0
19 49 7.0
19 52 14.0
19 59 15.0
19 66 16.0
19 71 7.0
19 76 15.0
19 86 2.0
19 87 12.0
19 88 3.0
19 89 11.0
19 90 1.0
19 92 11.0
19 95 7.0
19 96 8.0
19 100 5.0
19 102 13.0
19 123 19.0
19 124 5.0
19 130 16.0
19 139 16.0
19 147 11.0
19 155 3.0
19 159 14.0
19 164 9.0
19 166 2.0
19 168 3.0
19 184 16.0
19 190 1.0
19 193 6.0
20 25 7.0
20 27 2.0
20 30 17.0
20 32 14.0
20 37 8.0
20 43 14.0
20 45 12.0
20 46 6.0
20 47 9.0
20 52 9.0
20 72 15.0
20 84 15.0
20 85 5.0
20 108 1.0
20 116 6.0
20 117 9.0
20 122 14.0
20 141 5.0
20 147 17.0
20 152 16.0
20 155 19.0
20 161 13.0
20 171 7.0
20 176 12.0
20 177 6.0
20 185 6.0
20 196 12.0
20 26 6.0
20 33 3.0
20 50 10.0
20 62 10.0
20 65 16.0
20 66 19.0
20 70 5.0
20 71 15.0
20 77 2.0
20 87 4.0
20 93 1.0
20 99 14.0
20 121 5.0
20 124 11.0
20 150 10.0
20 156 12.0
20 165 14.0
20 168 19.0
20 178 16.0
20 186 16.0
20 188 14.0
20 190 1.0
20 197 19.0
21 22 4.0
21 23 17.0
21 30 12.0
21 32 16.0
21 36 6.0
21 45 19.0
21 56 17.0
21 64 6.0
21 75 15.0
21 77 1.0
21 78 9.0
21 85 12.0
21 86 8.0
21 90 19.0
21 114 17.0
21 151 16.0
21 152 2.0
21 160 2.0
21 161 6.0
21 166 3.0
21 173 19.0
21 177 16.0
21 179 3.0
21 180 9.0
21 26 15.0
21 29 7.0
21 44 14.0
21 61 13.0
21 62 15.0
21 65 2.0
21 82 11.0
21 87 13.0
21 88 7.0
21 97 8.0
21 101 12.0
21 102 5.0
21 109 15.0
21 116 7.0
21 117 1.0
21 121 4.0
21 124 2.0
21 125 10.0
21 130 10.0
21 145 11.0
21 154 10.0
21 178 18.0
21 182 16.0
21 194 4.0
21 198 2.0
22 26 19.0
22 47 8.0
22 53 2.0
22 55 18.0
22 60 17.0
22 62 19.0
22 64 14.0
22 70 19.0
22 73 3.0
22 80 17.0
22 84 10.0
22 94 1.0
22 114 9.0
22 122 6.0
22 128 19.0
22 132 4.0
22 137 17.0
22 138 12.0
22 140 19.0
22 144 6.0
22 146 5.0
22 153 12.0
22 159 12.0
22 161 2.0
22 166 7.0
22 186 16.0
22 191 10.0
22 25 17.0
22 37 19.0
22 38 15.0
22 48 5.0
22 63 14.0
22 69 16.0
22 85 11.0
22 90 7.0
22 106 8.0
22 108 10.0
22 110 11.0
22 112 7.0
22 115 6.0
22 116 4.0
22 120 3.0
22 127 10.0
22 130 15.0
22 133 9.0
22 142 1.0
22 163 1.0
22 167 6.0
22 179 14.0
22 193 7.0
23 40 11.0
23 47 15.0
23 50 5.0
23 83 7.0
23 84 5.0
23 85 3.0
23 89 10.0
23 90 16.0
23 91 4.0
23 105 2.0
23 110 17.0
23 115 1.0
23 118 18.0
23 124 2.0
23 137 17.0
23 143 6.0
23 148 9.0
23 151 2.0
23 152 3.0
23 180 6.0
23 195 7.0
23 29 6.0
23 34 5.0
23 35 2.0
23 44 14.0
23 68 12.0
23 76 18.0
23 88 4.0
23 98 6.0
23 106 17.0
23 112 10.0
23 121 6.0
23 127 12.0
23 129 19.0
23 130 5.0
23 142 15.0
23 150 2.0
23 155 15.0
23 166 12.0
23 168 1.0
23 173 18.0
23 176 18.0
23 179 6.0
23 181 14.0
23 188 3.0
23 190 12.0
23 191 14.0
23 194 7.0
23 198 13.0
24 43 6.0
24 48 17.0
24 55 18.0
24 57 10.0
24 66 15.0
24 81 12.0
24 86 14.0
24 94 5.0
24 97 11.0
24 112 3.0
24 119 15.0
24 125 17.0
24 138 11.0
24 142 8.0
24 154 1.0
24 168 8.0
24 170 3.0
24 172 6.0
24 177 5.0
24 178 10.0
24 181 5.0
24 184 18.0
24 186 13.0
24 191 11.0
24 194 13.0
24 196 2.0
24 45 14.0
24 53 17.0
24 63 16.0
24 67 18.0
24 73 11.0
24 77 17.0
24 87 8.0
24 100 8.0
24 104 9.0
24 109 14.0
24 110 3.0
24 146 17.0
24 155 12.0
24 166 8.0
24 180 11.0
24 188 8.0
25 31 16.0
25 42 17.0
25 49 2.0
25 59 14.0
25 69 6.0
25 85 18.0
25 88 12.0
25 94 17.0
25 97 6.0
25 102 8.0
25 123 19.0
25 127 6.0
25 130 10.0
25 141 10.0
25 154 7.0
25 175 3.0
25 186 10.0
25 191 9.0
25 29 6.0
25 32 15.0
25 37 12.0
25 41 1.0
25 73 15.0
25 84 13.0
25 100 18.0
25 101 7.0
25 115 13.0
25 117 4.0
25 124 3.0
25 126 16.0
25 131 1.0
25 132 9.0
25 135 1.0
25 136 6.0
25 139 9.0
25 151 18.0
25 152 19.0
25 171 16.0
25 173 19.0
25 177 11.0
25 179 11.0
25 189 9.0
25 195 7.0
26 52 10.0
26 57 9.0
26 62 18.0
26 64 19.0
26 74 4.0
26 82 12.0
26 90 14.0
26 95 1.0
26 98 17.0
26 106 18.0
26 109 4.0
26 114 16.0
26 123 3.0
26 130 19.0
26 131 17.0
26 136 14.0
26 138 11.0
26 151 18.0
26 159 5.0
26 168 5.0
26 171 9.0
26 177 9.0
26 185 18.0
26 186 5.0
26 196 15.0
26 199 14.0
26 28 3.0
26 30 5.0
26 34 4.0
26 37 13.0
26 48 16.0
26 61 2.0
26 63 5.0
26 65 7.0
26 67 19.0
26 73 15.0
26 77 10.0
26 78 18.0
26 84 4.0
26 102 11.0
26 129 8.0
26 132 3.0
26 133 13.0
26 139 19.0
26 143 19.0
26 145 11.0
26 147 9.0
26 152 14.0
26 166 5.0
26 167 8.0
26 169 10.0
26 184 2.0
26 190 13.0
27 30 17.0
27 44 11.0
27 47 5.0
27 51 15.0
27 53 6.0
27 61 8.0
27 71 10.0
27 82 1.0
27 83 13.0
27 85 15.0
27 86 9.0
27 88 19.0
27 93 17.0
27 98 16.0
27 109 9.0
27 111 9.0
27 119 15.0
27 127 3.0
27 132 7.0
27 142 2.0
27 146 7.0
27 147 7.0
27 150 12.0
27 156 12.0
27 169 2.0
27 170 12.0
27 176 14.0
27 184 2.0
27 187 4.0
27 188 11.0
27 198 19.0
27 31 5.0
27 43 8.0
27 52 12.0
27 64 15.0
27 67 19.0
27 68 1.0
27 72 15.0
27 92 11.0
27 100 15.0
27 105 14.0
27 112 14.0
27 136 19.0
27 138 11.0
27 139 5.0
27 144 15.0
27 153 15.0
27 155 15.0
27 167 5.0
27 168 3.0
27 181 8.0
27 190 15.0
27 193 9.0
27 194 11.0
27 196 8.0
28 31 18.0
28 38 18.0
28 50 11.0
28 55 10.0
28 62 3.0
28 71 11.0
28 72 10.0
28 75 7.0
28 82 10.0
28 83 2.0
28 89 17.0
28 107 14.0
28 112 15.0
28 113 12.0
28 119 17.0
28 123 4.0
28 124 6.0
28 125 7.0
28 140 3.0
28 141 12.0
28 144 12.0
28 145 9.0
28 152 18.0
28 155 7.0
28 158 2.0
28 159 10.0
28 172 15.0
28 173 3.0
28 175 13.0
28 190 7.0
28 54 6.0
28 58 4.0
28 65 15.0
28 67 10.0
28 70 3.0
28 74 11.0
28 79 19.0
28 87 16.0
28 92 8.0
28 94 8.0
28 95 12.0
28 104 18.0
28 109 3.0
28 118 13.0
28 121 7.0
28 132 12.0
28 133 2.0
28 137 16.0
28 138 2.0
28 139 2.0
28 146 1.0
28 162 16.0
28 166 7.0
28 176 6.0
28 179 9.0
28 184 13.0
28 187 8.0
28 188 14.0
28 189 19.0
28 193 10.0
28 195 15.0
28 197 7.0
28 198 3.0
29 41 7.0
29 54 9.0
29 59 8.0
29 72 8.0
29 74 19.0
29 76 3.0
29 80 19.0
29 82 11.0
29 93 18.0
29 96 2.0
29 100 9.0
29 103 16.0
29 108 14.0
29 111 7.0
29 115 1.0
29 119 1.0
29 121 1.0
29 137 7.0
29 157 17.0
29 161 9.0
29 163 17.0
29 167 7.0
29 171 2.0
29 180 13.0
29 183 10.0
29 32 3.0
29 37 3.0
29 45 14.0
29 61 18.0
29 66 19.0
29 70 13.0
29 71 3.0
29 85 4.0
29 99 19.0
29 105 13.0
29 116 15.0
29 118 13.0
29 122 5.0
29 129 6.0
29 154 8.0
29 156 3.0
29 158 12.0
29 165 3.0
29 168 2.0
30 39 15.0
30 41 5.0
30 44 18.0
30 46 7.0
30 48 18.0
30 55 5.0
30 60 11.0
30 61 7.0
30 71 9.0
30 85 16.0
30 88 9.0
30 100 7.0
30 102 5.0
30 104 14.0
30 117 14.0
30 123 13.0
30 131 14.0
30 136 12.0
30 137 15.0
30 143 4.0
30 169 12.0
30 170 5.0
30 173 19.0
30 187 10.0
30 31 18.0
30 32 13.0
30 35 4.0
30 52 14.0
30 58 4.0
30 63 13.0
30 67 1.0
30 73 9.0
30 77 12.0
30 79 14.0
30 81 6.0
30 82 14.0
30 84 6.0
30 98 6.0
30 103 10.0
30 115 9.0
30 118 3.0
30 127 19.0
30 129 9.0
30 156 16.0
30 175 2.0
30 178 17.0
31 35 6.0
31 47 18.0
31 60 17.0
31 61 11.0
31 67 11.0
31 69 18.0
31 90 19.0
31 100 13.0
31 103 12.0
31 107 18.0
31 110 16.0
31 112 14.0
31 113 13.0
31 128 3.0
31 133 4.0
31 139 16.0
31 148 13.0
31 150 9.0
31 153 4.0
31 162 12.0
31 179 18.0
31 186 3.0
31 195 8.0
31 34 6.0
31 41 8.0
31 46 9.0
31 52 11.0
31 53 17.0
31 57 3.0
31 74 4.0
31 76 14.0
31 84 8.0
31 114 2.0
31 131 3.0
31 135 10.0
31 156 5.0
31 160 2.0
31 169 16.0
31 176 6.0
31 180 4.0
31 184 2.0
31 196 8.0
32 54 12.0
32 60 7.0
32 61 17.0
32 70 16.0
32 71 18.0
32 73 1.0
32 80 11.0
32 82 16.0
32 96 12.0
32 100 11.0
32 110 4.0
32 114 12.0
32 117 2.0
32 122 11.0
32 123 11.0
32 125 3.0
32 139 11.0
32 149 19.0
32 169 6.0
32 172 3.0
32 180 5.0
32 189 15.0
32 191 1.0
32 36 1.0
32 37 6.0
32 40 1.0
32 41 12.0
32 42 18.0
32 64 19.0
32 67 1.0
32 75 17.0
32 84 5.0
32 92 14.0
32 97 11.0
32 99 17.0
32 111 11.0
32 118 18.0
32 119 13.0
32 143 11.0
32 144 15.0
32 156 10.0
32 162 19.0
32 171 18.0
32 192 5.0
32 197 16.0
33 36 5.0
33 42 12.0
33 43 9.0
33 44 6.0
33 45 4.0
33 47 19.0
33 48 18.0
33 63 13.0
33 66 13.0
33 70 3.0
33 80 16.0
33 81 15.0
33 85 5.0
33 89 11.0
33 95 12.0
33 96 7.0
33 106 8.0
33 127 8.0
33 132 2.0
33 143 19.0
33 152 17.0
33 154 18.0
33 155 17.0
33 165 15.0
33 173 16.0
33 187 16.0
33 194 11.0
33 35 15.0
33 38 11.0
33 67 16.0
33 73 1.0
33 84 16.0
33 100 7.0
33 109 14.0
33 119 4.0
33 124 7.0
33 148 4.0
33 157 9.0
33 166 17.0
33 168 16.0
33 179 2.0
33 184 19.0
33 191 9.0
33 192 4.0
33 193 9.0
33 195 19.0
33 197 11.0
33 198 16.0
34 38 19.0
34 46 3.0
34 49 1.0
34 61 18.0
34 64 10.0
34 66 12.0
34 67 8.0
34 72 6.0
34 76 3.0
34 79 8.0
34 81 14.0
34 83 17.0
34 88 14.0
34 89 3.0
34 91 18.0
34 97 9.0
34 109 1.0
34 118 2.0
34 130 1.0
34 131 3.0
34 133 11.0
34 135 5.0
34 141 6.0
34 157 7.0
34 164 19.0
34 165 19.0
34 171 10.0
34 184 7.0
34 188 9.0
34 195 18.0
34 196 5.0
34 199 3.0
34 43 4.0
34 55 16.0
34 58 13.0
34 60 8.0
34 62 15.0
34 65 19.0
34 69 12.0
34 78 15.0
34 85 12.0
34 92 18.0
34 93 8.0
34 100 5.0
34 103 18.0
34 104 5.0
34 106 13.0
34 126 6.0
34 128 9.0
34 138 9.0
34 143 3.0
34 149 2.0
34 150 19.0
34 151 18.0
34 166 9.0
34 168 11.0
34 173 3.0
34 175 18.0
34 177 9.0
34 185 17.0
34 193 4.0
35 42 10.0
35 51 2.0
35 59 16.0
35 66 10.0
35 72 4.0
35 82 19.0
35 88 15.0
35 90 5.0
35 92 15.0
35 96 7.0
35 104 5.0
35 105 1.0
35 109 6.0
35 112 9.0
35 113 18.0
35 129 9.0
35 130 5.0
35 131 4.0
35 133 6.0
35 135 16.0
35 137 9.0
35 138 11.0
35 152 1.0
35 159 19.0
35 178 9.0
35 192 14.0
35 194 12.0
35 197 17.0
35 198 15.0
35 44 12.0
35 48 6.0
35 70 10.0
35 71 6.0
35 75 14.0
35 79 18.0
35 93 7.0
35 99 6.0
35 103 5.0
35 110 17.0
35 120 13.0
35 142 13.0
35 149 1.0
35 155 16.0
35 160 16.0
35 170 19.0
35 186 18.0
36 43 8.0
36 62 3.0
36 63 10.0
36 67 15.0
36 71 6.0
36 74 4.0
36 75 7.0
36 77 8.0
36 81 13.0
36 82 14.0
36 83 12.0
36 84 18.0
36 99 9.0
36 104 7.0
36 114 11.0
36 119 5.0
36 138 19.0
36 141 8.0
36 144 9.0
36 152 7.0
36 159 19.0
36 167 4.0
36 176 13.0
36 191 3.0
36 196 19.0
36 39 16.0
36 42 1.0
36 44 8.0
36 65 17.0
36 69 1.0
36 80 14.0
36 87 1.0
36 89 12.0
36 100 18.0
36 113 17.0
36 124 13.0
36 128 9.0
36 132 19.0
36 139 17.0
36 145 7.0
36 174 12.0
36 179 15.0
36 182 3.0
36 183 16.0
36 186 8.0
37 47 5.0
37 57 4.0
37 60 8.0
37 70 13.0
37 80 8.0
37 84 3.0
37 99 5.0
37 100 1.0
37 107 19.0
37 112 19.0
37 123 19.0
37 124 8.0
37 127 19.0
37 140 17.0
37 166 6.0
37 173 4.0
37 184 1.0
37 185 4.0
37 189 12.0
37 190 5.0
37 41 11.0
37 45 15.0
37 49 13.0
37 51 13.0
37 73 18.0
37 78 6.0
37 89 19.0
37 91 13.0
37 93 19.0
37 102 15.0
37 104 1.0
37 117 3.0
37 120 19.0
37 121 14.0
37 126 2.0
37 136 9.0
37 145 18.0
37 151 3.0
37 167 17.0
37 168 9.0
37 175 3.0
37 182 8.0
37 183 13.0
37 192 9.0
37 193 11.0
37 196 19.0
37 197 5.0
38 40 3.0
38 42 9.0
38 62 17.0
38 63 11.0
38 64 15.0
38 75 8.0
38 77 15.0
38 79 5.0
38 80 12.0
38 87 15.0
38 90 12.0
38 94 17.0
38 97 9.0
38 100 17.0
38 109 4.0
38 111 14.0
38 113 18.0
38 130 13.0
38 131 16.0
38 134 2.0
38 145 9.0
38 154 13.0
38 155 10.0
38 158 11.0
38 161 1.0
38 171 5.0
38 175 14.0
38 178 6.0
38 179 8.0
38 192 9.0
38 55 5.0
38 58 6.0
38 70 13.0
38 82 12.0
38 96 5.0
38 119 12.0
38 125 12.0
38 127 7.0
38 143 15.0
38 144 8.0
38 148 12.0
38 150 15.0
38 164 13.0
38 168 12.0
38 174 8.0
38 180 9.0
38 186 6.0
38 187 15.0
38 193 8.0
39 46 5.0
39 50 14.0
39 59 9.0
39 69 13.0
39 75 9.0
39 88 5.0
39 94 3.0
39 95 9.0
39 104 17.0
39 105 9.0
39 135 8.0
39 137 10.0
39 140 1.0
39 148 17.0
39 150 11.0
39 152 10.0
39 155 18.0
39 156 12.0
39 158 11.0
39 169 11.0
39 182 2.0
39 186 18.0
39 191 5.0
39 45 2.0
39 51 10.0
39 54 17.0
39 55 14.0
39 58 16.0
39 65 6.0
39 71 11.0
39 76 9.0
39 89 13.0
39 107 13.0
39 110 7.0
39 125 3.0
39 126 7.0
39 128 14.0
39 131 15.0
39 136 6.0
39 139 6.0
39 142 5.0
39 145 17.0
39 147 3.0
39 164 14.0
39 165 10.0
39 170 14.0
39 175 19.0
39 176 3.0
39 181 6.0
39 185 5.0
39 194 10.0
39 196 5.0
39 198 7.0
39 199 19.0
40 44 8.0
40 46 15.0
40 49 19.0
40 54 7.0
40 92 1.0
40 99 14.0
40 108 2.0
40 112 10.0
40 114 11.0
40 115 8.0
40 116 9.0
40 119 13.0
40 120 3.0
40 136 12.0
40 140 11.0
40 152 18.0
40 161 16.0
40 163 16.0
40 174 18.0
40 177 15.0
40 178 3.0
40 199 18.0
40 56 19.0
40 68 1.0
40 69 18.0
40 83 11.0
40 84 16.0
40 85 9.0
40 98 2.0
40 104 9.0
40 106 1.0
40 118 9.0
40 126 12.0
40 141 19.0
40 144 7.0
40 150 9.0
40 155 13.0
40 168 9.0
40 169 19.0
40 170 4.0
40 175 7.0
40 181 6.0
40 183 13.0
40 185 19.0
40 196 8.0
40 197 7.0
40 198 2.0
41 49 12.0
41 77 15.0
41 86 9.0
41 92 12.0
41 97 7.0
41 114 1.0
41 123 14.0
41 129 19.0
41 152 9.0
41 154 8.0
41 158 4.0
41 161 7.0
41 178 18.0
41 180 14.0
41 199 6.0
41 50 1.0
41 55 7.0
41 56 16.0
41 85 12.0
41 90 16.0
41 91 12.0
41 93 2.0
41 102 4.0
41 117 12.0
41 121 15.0
41 144 15.0
41 149 1.0
41 184 15.0
41 186 10.0
41 189 11.0
41 194 8.0
41 195 13.0
42 62 7.0
42 63 17.0
42 67 16.0
42 68 14.0
42 75 13.0
42 84 2.0
42 93 6.0
42 106 13.0
42 120 4.0
42 143 13.0
42 148 19.0
42 157 6.0
42 160 13.0
42 164 6.0
42 171 4.0
42 181 6.0
42 190 5.0
42 198 10.0
42 43 8.0
42 57 2.0
42 90 12.0
42 96 2.0
42 101 12.0
42 112 8.0
42 121 10.0
42 123 4.0
42 131 3.0
42 145 14.0
42 158 18.0
42 166 12.0
42 169 7.0
42 183 1.0
42 186 5.0
42 189 15.0
42 193 5.0
43 54 16.0
43 63 14.0
43 73 7.0
43 80 4.0
43 99 19.0
43 124 10.0
43 126 16.0
43 133 18.0
43 135 4.0
43 139 5.0
43 141 9.0
43 157 13.0
43 162 18.0
43 164 3.0
43 168 8.0
43 184 7.0
43 185 13.0
43 196 4.0
43 199 12.0
43 49 18.0
43 94 17.0
43 105 11.0
43 107 19.0
43 108 9.0
43 119 11.0
43 127 16.0
43 129 9.0
43 132 13.0
43 149 17.0
43 151 14.0
43 152 13.0
43 155 13.0
43 198 19.0
44 45 14.0
44 46 15.0
44 49 2.0
44 72 4.0
44 74 16.0
44 80 9.0
44 81 16.0
44 83 8.0
44 92 10.0
44 95 9.0
44 96 15.0
44 97 1.0
44 104 6.0
44 110 8.0
44 116 12.0
44 117 3.0
44 118 15.0
44 121 18.0
44 124 13.0
44 131 6.0
44 132 4.0
44 133 2.0
44 139 13.0
44 143 18.0
44 146 3.0
44 151 12.0
44 159 7.0
44 179 16.0
44 186 8.0
44 189 15.0
44 195 9.0
44 196 17.0
44 57 7.0
44 61 6.0
44 65 19.0
44 75 9.0
44 82 12.0
44 90 3.0
44 93 8.0
44 101 3.0
44 126 4.0
44 141 4.0
44 145 12.0
44 149 15.0
44 155 14.0
44 162 9.0
44 164 9.0
44 177 6.0
44 191 17.0
44 197 15.0
45 47 15.0
45 55 13.0
45 66 19.0
45 67 15.0
45 75 12.0
45 76 1.0
45 87 2.0
45 95 11.0
45 97 6.0
45 103 3.0
45 106 11.0
45 108 15.0
45 109 11.0
45 113 1.0
45 117 12.0
45 127 8.0
45 132 18.0
45 147 16.0
45 157 11.0
45 160 6.0
45 170 16.0
45 178 2.0
45 187 15.0
45 192 1.0
45 194 9.0
45 52 15.0
45 80 13.0
45 85 7.0
45 89 2.0
45 119 15.0
45 120 11.0
45 124 7.0
45 133 6.0
45 135 14.0
45 138 16.0
45 149 7.0
45 156 7.0
45 158 2.0
45 171 18.0
45 173 16.0
45 177 19.0
45 181 3.0
45 191 9.0
46 49 7.0
46 55 19.0
46 65 17.0
46 79 10.0
46 101 19.0
46 103 13.0
46 104 7.0
46 109 10.0
46 151 6.0
46 163 19.0
46 170 16.0
46 176 16.0
46 177 7.0
46 183 13.0
46 192 15.0
46 193 6.0
46 194 8.0
46 195 10.0
46 53 14.0
46 61 6.0
46 72 2.0
46 81 19.0
46 83 13.0
46 87 16.0
46 94 15.0
46 105 15.0
46 108 15.0
46 110 3.0
46 112 5.0
46 114 4.0
46 115 13.0
46 121 16.0
46 155 16.0
46 156 14.0
46 157 16.0
46 160 13.0
46 181 5.0
46 189 2.0
46 199 18.0
47 58 12.0
47 59 3.0
47 64 8.0
47 74 9.0
47 84 1.0
47 89 12.0
47 90 19.0
47 94 9.0
47 107 2.0
47 109 16.0
47 111 5.0
47 112 16.0
47 116 15.0
47 125 15.0
47 127 12.0
47 142 12.0
47 145 13.0
47 148 13.0
47 157 11.0
47 168 17.0
47 180 12.0
47 51 9.0
47 62 7.0
47 65 14.0
47 70 19.0
47 71 14.0
47 77 9.0
47 96 6.0
47 101 9.0
47 121 4.0
47 140 13.0
47 147 2.0
47 154 17.0
47 163 18.0
47 175 10.0
47 184 3.0
48 54 7.0
48 59 10.0
48 63 6.0
48 65 14.0
48 68 10.0
48 69 14.0
48 71 6.0
48 79 3.0
48 86 2.0
48 87 4.0
48 88 16.0
48 101 8.0
48 109 5.0
48 113 7.0
48 115 1.0
48 117 4.0
48 138 17.0
48 139 19.0
48 159 5.0
48 161 10.0
48 165 7.0
48 175 10.0
48 181 13.0
48 184 3.0
48 195 16.0
48 50 7.0
48 55 9.0
48 67 3.0
48 72 11.0
48 77 16.0
48 82 14.0
48 92 11.0
48 102 12.0
48 106 4.0
48 127 14.0
48 129 1.0
48 143 5.0
48 145 17.0
48 163 6.0
48 166 6.0
48 179 7.0
49 55 7.0
49 69 15.0
49 74 8.0
49 85 6.0
49 87 1.0
49 89 17.0
49 90 16.0
49 92 2.0
49 96 4.0
49 109 5.0
49 117 8.0
49 119 9.0
49 122 18.0
49 123 8.0
49 128 11.0
49 136 14.0
49 137 9.0
49 140 6.0
49 145 10.0
49 148 14.0
49 149 19.0
49 154 18.0
49 155 10.0
49 159 1.0
49 160 17.0
49 161 4.0
49 164 15.0
49 167 14.0
49 168 13.0
49 177 10.0
49 178 5.0
49 182 3.0
49 190 13.0
49 194 8.0
49 56 5.0
49 60 12.0
49 64 3.0
49 70 6.0
49 71 9.0
49 81 7.0
49 88 5.0
49 93 11.0
49 99 13.0
49 102 18.0
49 120 7.0
49 121 13.0
49 129 8.0
49 134 5.0
49 142 7.0
49 171 5.0
49 174 3.0
49 179 3.0
49 180 9.0
49 181 8.0
49 184 1.0
49 192 8.0
49 199 4.0
50 57 8.0
50 58 3.0
50 65 18.0
50 68 2.0
50 89 19.0
50 94 6.0
50 103 3.0
50 119 17.0
50 124 12.0
50 128 12.0
50 131 9.0
50 136 12.0
50 138 3.0
50 141 7.0
50 158 18.0
50 161 10.0
50 164 2.0
50 170 11.0
50 174 19.0
50 182 18.0
50 194 15.0
50 64 9.0
50 72 19.0
50 75 3.0
50 76 8.0
50 81 2.0
50 85 9.0
50 101 2.0
50 104 6.0
50 105 8.0
50 110 8.0
50 111 5.0
50 118 10.0
50 151 8.0
50 163 19.0
50 176 18.0
50 180 13.0
50 183 2.0
50 191 7.0
50 195 16.0
51 94 19.0
51 95 16.0
51 98 7.0
51 99 4.0
51 101 5.0
51 115 14.0
51 117 5.0
51 120 14.0
51 127 7.0
51 135 9.0
51 138 17.0
51 144 2.0
51 146 13.0
51 150 5.0
51 169 11.0
51 173 8.0
51 177 12.0
51 181 2.0
51 184 8.0
51 195 4.0
51 197 12.0
51 59 15.0
51 63 11.0
51 83 13.0
51 87 12.0
51 91 12.0
51 97 13.0
51 104 11.0
51 114 8.0
51 116 9.0
51 122 4.0
51 129 19.0
51 142 12.0
51 145 2.0
51 147 2.0
51 151 10.0
51 153 12.0
51 155 9.0
51 164 15.0
51 172 12.0
51 187 7.0
51 189 15.0
51 190 8.0
51 193 1.0
51 196 19.0
52 53 19.0
52 67 14.0
52 79 8.0
52 80 8.0
52 102 8.0
52 110 11.0
52 133 19.0
52 135 3.0
52 145 1.0
52 164 19.0
52 169 10.0
52 178 4.0
52 55 1.0
52 77 2.0
52 87 19.0
52 90 4.0
52 91 11.0
52 105 6.0
52 106 13.0
52 112 4.0
52 113 16.0
52 116 11.0
52 127 18.0
52 148 16.0
52 149 6.0
52 155 12.0
52 156 11.0
52 157 14.0
52 171 3.0
52 173 14.0
52 180 1.0
52 190 1.0
53 58 8.0
53 63 10.0
53 71 3.0
53 73 18.0
53 78 4.0
53 97 8.0
53 98 18.0
53 100 16.0
53 105 18.0
53 106 7.0
53 108 18.0
53 111 17.0
53 120 14.0
53 121 3.0
53 122 19.0
53 135 5.0
53 136 5.0
53 140 18.0
53 141 1.0
53 157 4.0
53 177 15.0
53 179 15.0
53 184 10.0
53 193 14.0
53 196 3.0
53 198 14.0
53 55 14.0
53 57 16.0
53 69 14.0
53 75 6.0
53 76 5.0
53 80 2.0
53 87 4.0
53 88 17.0
53 102 15.0
53 109 12.0
53 115 19.0
53 116 8.0
53 123 15.0
53 139 5.0
53 144 16.0
53 145 2.0
53 150 4.0
53 154 13.0
53 159 16.0
53 165 7.0
53 168 10.0
53 180 8.0
53 182 10.0
53 185 5.0
53 188 8.0
54 65 8.0
54 76 9.0
54 86 1.0
54 90 11.0
54 100 13.0
54 107 2.0
54 116 8.0
54 119 6.0
54 127 8.0
54 131 10.0
54 152 8.0
54 153 9.0
54 156 5.0
54 159 16.0
54 170 17.0
54 179 19.0
54 180 1.0
54 189 8.0
54 198 9.0
54 63 3.0
54 66 18.0
54 68 11.0
54 82 8.0
54 88 3.0
54 89 17.0
54 91 19.0
54 97 1.0
54 98 15.0
54 103 4.0
54 104 2.0
54 118 7.0
54 132 3.0
54 140 17.0
54 141 4.0
54 144 2.0
54 158 3.0
54 160 8.0
54 165 13.0
54 167 16.0
54 169 9.0
54 173 9.0
54 191 18.0
54 199 15.0
55 63 11.0
55 69 4.0
55 106 4.0
55 107 18.0
55 108 8.0
55 115 8.0
55 139 1.0
55 143 9.0
55 148 19.0
55 161 5.0
55 170 15.0
55 172 9.0
55 175 2.0
55 185 19.0
55 191 3.0
55 194 5.0
55 198 16.0
55 61 11.0
55 65 17.0
55 66 3.0
55 67 5.0
55 74 15.0
55 78 14.0
55 96 17.0
55 109 9.0
55 110 5.0
55 134 17.0
55 135 16.0
55 147 3.0
55 157 14.0
55 158 18.0
55 164 15.0
55 168 8.0
55 169 18.0
56 58 18.0
56 60 6.0
56 62 7.0
56 76 13.0
56 78 6.0
56 80 11.0
56 85 14.0
56 88 12.0
56 99 4.0
56 109 10.0
56 111 1.0
56 112 1.0
56 121 14.0
56 125 10.0
56 148 12.0
56 156 1.0
56 158 8.0
56 159 16.0
56 161 9.0
56 183 10.0
56 186 18.0
56 187 13.0
56 190 16.0
56 199 5.0
56 57 5.0
56 63 5.0
56 69 14.0
56 77 4.0
56 83 5.0
56 98 1.0
56 102 9.0
56 108 18.0
56 113 16.0
56 117 9.0
56 119 6.0
56 130 18.0
56 137 13.0
56 138 4.0
56 139 14.0
56 141 2.0
56 146 5.0
56 154 18.0
56 155 15.0
56 164 9.0
56 165 2.0
56 166 12.0
56 168 5.0
56 171 1.0
57 62 8.0
57 63 18.0
57 84 19.0
57 95 16.0
57 110 1.0
57 114 11.0
57 116 8.0
57 139 9.0
57 145 15.0
57 155 2.0
57 158 3.0
57 177 9.0
57 188 14.0
57 190 15.0
57 194 17.0
57 197 16.0
57 67 18.0
57 73 3.0
57 81 5.0
57 82 3.0
57 89 15.0
57 90 12.0
57 93 14.0
57 102 15.0
57 105 9.0
57 111 2.0
57 147 2.0
57 151 11.0
57 175 7.0
57 179 3.0
57 180 14.0
57 199 5.0
58 59 12.0
58 75 5.0
58 87 19.0
58 89 6.0
58 90 15.0
58 92 17.0
58 96 13.0
58 98 11.0
58 106 7.0
58 116 10.0
58 117 16.0
58 123 9.0
58 127 3.0
58 133 14.0
58 135 8.0
58 139 1.0
58 144 4.0
58 149 6.0
58 155 4.0
58 156 3.0
58 161 19.0
58 177 16.0
58 187 2.0
58 189 7.0
58 197 16.0
58 60 15.0
58 62 18.0
58 64 16.0
58 74 11.0
58 83 9.0
58 91 7.0
58 100 16.0
58 102 11.0
58 104 2.0
58 107 8.0
58 109 16.0
58 119 5.0
58 129 11.0
58 131 2.0
58 137 17.0
58 157 8.0
58 159 12.0
58 166 15.0
58 174 12.0
58 176 3.0
58 182 19.0
58 192 19.0
58 193 3.0
58 195 3.0
59 61 2.0
59 65 2.0
59 66 8.0
59 68 9.0
59 70 3.0
59 74 2.0
59 89 11.0
59 92 12.0
59 101 19.0
59 102 2.0
59 106 5.0
59 107 10.0
59 110 3.0
59 112 17.0
59 121 11.0
59 126 2.0
59 141 17.0
59 149 15.0
59 157 16.0
59 158 14.0
59 163 6.0
59 178 19.0
59 179 14.0
59 187 12.0
59 189 14.0
59 67 15.0
59 73 16.0
59 75 4.0
59 86 14.0
59 87 19.0
59 105 19.0
59 111 4.0
59 114 15.0
59 117 15.0
59 123 3.0
59 135 3.0
59 159 9.0
59 160 1.0
59 167 4.0
59 169 2.0
59 172 1.0
59 181 13.0
59 185 9.0
59 190 16.0
59 196 9.0
59 199 16.0
60 63 12.0
60 64 6.0
60 68 17.0
60 89 4.0
60 103 19.0
60 113 14.0
60 127 12.0
60 128 14.0
60 129 19.0
60 153 4.0
60 163 8.0
60 166 15.0
60 185 2.0
60 188 11.0
60 62 15.0
60 66 2.0
60 70 8.0
60 72 8.0
60 75 4.0
60 84 6.0
60 86 8.0
60 105 8.0
60 109 10.0
60 116 12.0
60 136 9.0
60 141 1.0
60 142 13.0
60 159 8.0
60 164 5.0
60 167 10.0
60 171 19.0
60 178 9.0
60 183 5.0
60 189 8.0
60 192 15.0
60 194 15.0
61 64 10.0
61 67 7.0
61 86 1.0
61 95 3.0
61 96 9.0
61 103 13.0
61 105 2.0
61 116 2.0
61 119 14.0
61 130 17.0
61 148 2.0
61 172 15.0
61 173 7.0
61 175 3.0
61 177 3.0
61 178 12.0
61 195 15.0
61 71 14.0
61 73 9.0
61 82 16.0
61 84 2.0
61 100 14.0
61 106 17.0
61 111 18.0
61 113 4.0
61 115 4.0
61 123 6.0
61 146 7.0
61 156 17.0
61 176 2.0
61 187 7.0
61 192 15.0
62 63 3.0
62 84 11.0
62 86 17.0
62 96 15.0
62 97 11.0
62 98 8.0
62 103 18.0
62 107 7.0
62 112 13.0
62 113 5.0
62 114 16.0
62 118 6.0
62 120 14.0
62 125 14.0
62 132 16.0
62 137 17.0
62 142 6.0
62 144 8.0
62 145 12.0
62 146 8.0
62 149 19.0
62 152 7.0
62 159 14.0
62 160 13.0
62 172 8.0
62 175 2.0
62 179 18.0
62 195 4.0
62 88 11.0
62 92 5.0
62 104 9.0
62 110 2.0
62 121 15.0
62 122 4.0
62 126 16.0
62 135 19.0
62 139 13.0
62 154 2.0
62 163 7.0
62 168 10.0
62 190 13.0
63 64 19.0
63 66 8.0
63 69 9.0
63 71 3.0
63 82 17.0
63 83 6.0
63 88 18.0
63 89 17.0
63 95 5.0
63 98 3.0
63 99 11.0
63 101 15.0
63 103 10.0
63 105 19.0
63 114 10.0
63 118 17.0
63 120 6.0
63 135 11.0
63 140 10.0
63 153 5.0
63 156 10.0
63 161 2.0
63 168 15.0
63 186 10.0
63 189 7.0
63 191 15.0
63 193 19.0
63 195 6.0
63 199 11.0
63 70 13.0
63 84 5.0
63 85 18.0
63 91 14.0
63 97 12.0
63 108 18.0
63 121 2.0
63 141 8.0
63 152 17.0
63 162 8.0
63 173 6.0
63 194 1.0
64 96 12.0
64 97 13.0
64 109 17.0
64 110 9.0
64 126 16.0
64 133 10.0
64 134 3.0
64 135 17.0
64 142 18.0
64 144 7.0
64 145 2.0
64 156 11.0
64 161 4.0
64 166 6.0
64 195 5.0
64 65 2.0
64 70 5.0
64 92 11.0
64 93 3.0
64 104 14.0
64 106 4.0
64 154 7.0
64 158 4.0
64 160 19.0
64 163 10.0
64 169 3.0
64 170 8.0
64 171 9.0
64 176 8.0
64 178 9.0
64 197 3.0
65 70 15.0
65 77 3.0
65 78 3.0
65 79 10.0
65 91 6.0
65 94 10.0
65 97 9.0
65 105 11.0
65 120 17.0
65 122 1.0
65 126 13.0
65 135 14.0
65 140 6.0
65 142 8.0
65 145 5.0
65 151 5.0
65 167 8.0
65 179 13.0
65 180 14.0
65 186 19.0
65 191 19.0
65 66 9.0
65 80 11.0
65 81 8.0
65 98 17.0
65 101 18.0
65 107 8.0
65 121 10.0
65 130 9.0
65 136 14.0
65 143 9.0
65 144 16.0
65 155 15.0
65 156 19.0
65 157 19.0
65 162 13.0
65 173 7.0
65 178 14.0
65 182 8.0
65 193 8.0
66 71 3.0
66 75 16.0
66 88 7.0
66 89 12.0
66 96 19.0
66 98 14.0
66 99 15.0
66 104 16.0
66 108 6.0
66 119 2.0
66 124 10.0
66 125 10.0
66 132 3.0
66 134 3.0
66 142 12.0
66 153 7.0
66 159 19.0
66 162 11.0
66 163 5.0
66 164 8.0
66 179 6.0
66 182 2.0
66 188 18.0
66 69 10.0
66 84 9.0
66 87 11.0
66 101 2.0
66 106 5.0
66 111 10.0
66 113 1.0
66 114 9.0
66 121 7.0
66 122 7.0
66 127 2.0
66 128 3.0
66 144 3.0
66 149 13.0
66 155 2.0
66 157 2.0
66 161 13.0
66 174 14.0
66 177 18.0
66 180 11.0
66 181 18.0
66 184 4.0
66 197 19.0
66 199 19.0
67 72 15.0
67 75 3.0
67 85 14.0
67 87 1.0
67 95 10.0
67 98 4.0
67 106 2.0
67 108 6.0
67 109 10.0
67 110 16.0
67 111 18.0
67 114 16.0
67 119 11.0
67 121 16.0
67 138 15.0
67 139 10.0
67 140 15.0
67 147 5.0
67 149 9.0
67 160 13.0
67 169 4.0
67 171 9.0
67 179 18.0
67 182 19.0
67 185 16.0
67 191 10.0
67 192 10.0
67 79 2.0
67 80 18.0
67 82 7.0
67 83 3.0
67 88 4.0
67 92 8.0
67 93 4.0
67 97 14.0
67 102 14.0
67 104 19.0
67 107 9.0
67 112 6.0
67 113 12.0
67 115 19.0
67 117 18.0
67 131 4.0
67 132 3.0
67 154 12.0
67 158 15.0
67 177 2.0
67 187 11.0
67 188 19.0
67 190 1.0
67 194 10.0
68 73 13.0
68 94 18.0
68 95 10.0
68 98 11.0
68 99 12.0
68 106 4.0
68 123 18.0
68 146 11.0
68 149 4.0
68 155 6.0
68 162 18.0
68 166 16.0
68 170 4.0
68 172 13.0
68 183 4.0
68 192 10.0
68 198 18.0
68 80 17.0
68 81 9.0
68 84 2.0
68 97 3.0
68 108 11.0
68 109 6.0
68 110 16.0
68 111 16.0
68 112 1.0
68 116 9.0
68 126 7.0
68 145 13.0
68 150 1.0
68 159 17.0
68 169 11.0
68 175 5.0
68 176 3.0
68 179 1.0
68 190 2.0
69 77 15.0
69 84 15.0
69 95 16.0
69 99 1.0
69 101 8.0
69 104 11.0
69 105 18.0
69 106 7.0
69 109 9.0
69 112 17.0
69 117 8.0
69 119 10.0
69 124 7.0
69 130 8.0
69 140 1.0
69 154 1.0
69 160 5.0
69 161 9.0
69 170 10.0
69 174 13.0
69 176 6.0
69 179 14.0
69 180 17.0
69 184 1.0
69 190 1.0
69 195 9.0
69 71 4.0
69 73 1.0
69 75 19.0
69 111 1.0
69 118 8.0
69 121 9.0
69 122 12.0
69 133 10.0
69 134 9.0
69 136 1.0
69 138 12.0
69 150 14.0
69 155 12.0
69 156 13.0
69 157 13.0
69 162 8.0
69 165 11.0
69 166 2.0
69 177 15.0
69 178 10.0
69 183 10.0
69 189 11.0
69 198 18.0
70 72 6.0
70 76 8.0
70 86 2.0
70 87 2.0
70 88 4.0
70 94 15.0
70 102 15.0
70 106 11.0
70 110 10.0
70 113 6.0
70 117 18.0
70 119 19.0
70 122 7.0
70 140 15.0
70 143 1.0
70 149 15.0
70 151 14.0
70 153 16.0
70 157 7.0
70 169 11.0
70 170 14.0
70 171 3.0
70 176 11.0
70 177 6.0
70 191 19.0
70 195 18.0
70 78 17.0
70 96 12.0
70 99 2.0
70 107 2.0
70 114 18.0
70 133 11.0
70 137 16.0
70 142 14.0
70 146 17.0
70 155 15.0
70 161 15.0
70 162 12.0
70 178 3.0
70 179 6.0
70 180 5.0
70 190 2.0
70 194 7.0
71 83 5.0
71 84 9.0
71 85 1.0
71 91 13.0
71 96 7.0
71 105 9.0
71 113 17.0
71 114 12.0
71 115 3.0
71 123 3.0
71 132 1.0
71 134 5.0
71 139 7.0
71 141 18.0
71 143 3.0
71 144 2.0
71 149 17.0
71 158 9.0
71 159 14.0
71 180 19.0
71 185 16.0
71 192 11.0
71 193 13.0
71 198 6.0
71 199 19.0
71 72 1.0
71 74 14.0
71 75 9.0
71 88 16.0
71 92 6.0
71 95 8.0
71 100 18.0
71 104 17.0
71 110 19.0
71 116 16.0
71 120 1.0
71 148 2.0
71 156 14.0
71 164 6.0
71 178 13.0
71 183 18.0
71 195 19.0
72 77 13.0
72 83 19.0
72 84 12.0
72 89 13.0
72 91 14.0
72 93 16.0
72 97 5.0
72 120 9.0
72 130 5.0
72 131 10.0
72 132 16.0
72 133 19.0
72 136 17.0
72 142 14.0
72 145 8.0
72 156 6.0
72 157 17.0
72 167 7.0
72 170 11.0
72 175 7.0
72 192 12.0
72 194 3.0
72 74 7.0
72 85 16.0
72 86 11.0
72 95 2.0
72 100 1.0
72 101 16.0
72 107 17.0
72 127 4.0
72 139 8.0
72 147 17.0
72 162 6.0
72 168 10.0
72 172 4.0
72 177 5.0
72 197 13.0
73 100 19.0
73 105 19.0
73 107 10.0
73 114 9.0
73 124 16.0
73 130 12.0
73 132 14.0
73 135 9.0
73 145 7.0
73 151 10.0
73 158 14.0
73 171 19.0
73 175 17.0
73 185 18.0
73 190 1.0
73 193 19.0
73 196 7.0
73 74 17.0
73 79 15.0
73 85 4.0
73 98 3.0
73 133 17.0
73 134 14.0
73 140 6.0
73 144 12.0
73 165 13.0
73 169 4.0
73 179 10.0
73 182 14.0
73 189 11.0
73 191 7.0
73 192 16.0
74 75 13.0
74 84 4.0
74 85 7.0
74 90 12.0
74 95 2.0
74 99 11.0
74 101 2.0
74 118 14.0
74 121 1.0
74 147 16.0
74 156 14.0
74 158 13.0
74 159 17.0
74 164 5.0
74 165 4.0
74 168 2.0
74 171 10.0
74 174 7.0
74 182 17.0
74 183 8.0
74 188 5.0
74 189 13.0
74 198 1.0
74 77 6.0
74 83 10.0
74 89 15.0
74 93 18.0
74 103 1.0
74 126 10.0
74 132 11.0
74 143 1.0
74 148 17.0
74 153 14.0
74 155 17.0
74 161 6.0
74 172 6.0
74 173 17.0
74 190 9.0
75 76 13.0
75 82 9.0
75 95 14.0
75 100 9.0
75 108 15.0
75 110 5.0
75 113 8.0
75 116 9.0
75 119 14.0
75 128 7.0
75 144 18.0
75 145 15.0
75 152 12.0
75 164 2.0
75 171 3.0
75 192 6.0
75 193 5.0
75 199 6.0
75 77 11.0
75 104 11.0
75 114 2.0
75 117 4.0
75 137 17.0
75 141 4.0
75 147 4.0
75 151 3.0
75 153 17.0
75 162 17.0
75 168 17.0
75 175 12.0
75 187 12.0
75 191 2.0
75 194 2.0
76 95 3.0
76 105 14.0
76 106 18.0
76 108 14.0
76 112 9.0
76 117 11.0
76 128 11.0
76 130 14.0
76 146 19.0
76 156 17.0
76 173 3.0
76 176 16.0
76 184 2.0
76 192 4.0
76 196 14.0
76 198 1.0
76 199 1.0
76 83 7.0
76 90 13.0
76 93 4.0
76 109 4.0
76 129 17.0
76 132 8.0
76 134 16.0
76 141 19.0
76 144 7.0
76 149 1.0
76 152 8.0
76 160 7.0
76 162 10.0
76 168 11.0
76 172 4.0
76 180 7.0
76 195 17.0
77 80 7.0
77 92 1.0
77 95 11.0
77 96 12.0
77 98 19.0
77 102 5.0
77 103 1.0
77 119 18.0
77 120 10.0
77 135 12.0
77 138 13.0
77 152 8.0
77 156 17.0
77 175 15.0
77 177 8.0
77 182 11.0
77 191 3.0
77 86 10.0
77 91 4.0
77 93 11.0
77 104 14.0
77 109 3.0
77 118 7.0
77 130 6.0
77 134 14.0
77 140 13.0
77 142 9.0
77 147 13.0
77 148 13.0
77 153 17.0
77 161 16.0
77 171 14.0
77 181 13.0
77 187 6.0
78 83 15.0
78 87 8.0
78 97 9.0
78 109 1.0
78 116 4.0
78 120 18.0
78 122 2.0
78 127 18.0
78 128 11.0
78 129 14.0
78 130 16.0
78 134 3.0
78 141 9.0
78 145 18.0
78 163 12.0
78 173 19.0
78 185 15.0
78 189 6.0
78 192 12.0
78 92 16.0
78 93 4.0
78 111 8.0
78 114 16.0
78 118 15.0
78 135 3.0
78 143 9.0
78 146 7.0
78 148 16.0
78 153 18.0
78 161 8.0
78 170 17.0
78 178 10.0
78 188 13.0
78 197 13.0
78 198 5.0
79 88 5.0
79 94 7.0
79 97 10.0
79 113 9.0
79 115 5.0
79 128 4.0
79 141 7.0
79 144 9.0
79 156 18.0
79 161 3.0
79 171 16.0
79 178 15.0
79 180 3.0
79 197 17.0
79 86 17.0
79 91 5.0
79 92 14.0
79 101 17.0
79 107 7.0
79 127 12.0
79 153 10.0
79 157 10.0
79 165 1.0
79 170 5.0
79 176 13.0
79 179 6.0
79 195 8.0
80 86 19.0
80 87 15.0
80 93 13.0
80 99 7.0
80 112 8.0
80 122 5.0
80 125 11.0
80 155 5.0
80 161 5.0
80 169 4.0
80 173 18.0
80 176 7.0
80 179 18.0
80 181 4.0
80 190 9.0
80 192 13.0
80 195 16.0
80 198 17.0
80 89 13.0
80 95 11.0
80 98 10.0
80 108 11.0
80 113 8.0
80 120 8.0
80 131 6.0
80 132 17.0
80 137 5.0
80 143 9.0
80 153 1.0
80 162 7.0
80 163 4.0
80 172 12.0
80 194 19.0
81 85 7.0
81 99 4.0
81 108 15.0
81 119 14.0
81 120 8.0
81 122 14.0
81 123 12.0
81 124 6.0
81 129 13.0
81 133 17.0
81 144 2.0
81 146 8.0
81 147 4.0
81 150 6.0
81 160 7.0
81 165 4.0
81 166 17.0
81 176 2.0
81 196 12.0
81 102 1.0
81 104 10.0
81 107 11.0
81 110 6.0
81 128 2.0
81 131 15.0
81 154 15.0
81 155 4.0
81 163 1.0
81 168 11.0
81 171 11.0
81 172 3.0
81 180 9.0
82 83 12.0
82 90 16.0
82 92 4.0
82 101 19.0
82 104 15.0
82 112 1.0
82 114 8.0
82 117 18.0
82 131 3.0
82 159 12.0
82 168 5.0
82 178 16.0
82 184 4.0
82 185 15.0
82 195 11.0
82 110 9.0
82 132 10.0
82 136 10.0
82 138 13.0
82 143 3.0
82 161 4.0
82 162 1.0
82 164 2.0
82 175 2.0
82 176 4.0
82 181 3.0
82 192 13.0
82 194 6.0
83 92 16.0
83 104 19.0
83 106 18.0
83 128 7.0
83 133 9.0
83 143 1.0
83 147 13.0
83 149 6.0
83 163 3.0
83 167 19.0
83 173 11.0
83 175 4.0
83 179 13.0
83 187 13.0
83 188 8.0
83 191 15.0
83 199 12.0
83 93 19.0
83 107 3.0
83 111 16.0
83 116 4.0
83 120 17.0
83 126 10.0
83 141 4.0
83 148 13.0
83 150 10.0
83 154 17.0
83 160 14.0
83 181 10.0
83 192 12.0
84 97 16.0
84 110 16.0
84 114 6.0
84 117 18.0
84 118 16.0
84 123 15.0
84 128 19.0
84 134 2.0
84 137 6.0
84 142 13.0
84 148 12.0
84 153 14.0
84 157 14.0
84 158 7.0
84 164 16.0
84 167 9.0
84 172 8.0
84 175 11.0
84 183 8.0
84 184 17.0
84 187 16.0
84 188 7.0
84 193 9.0
84 196 1.0
84 199 19.0
84 85 5.0
84 105 5.0
84 111 12.0
84 112 14.0
84 116 7.0
84 120 8.0
84 130 4.0
84 136 12.0
84 141 15.0
84 146 15.0
84 147 11.0
84 163 17.0
84 165 18.0
84 171 16.0
84 178 11.0
84 181 7.0
84 190 16.0
85 86 19.0
85 91 4.0
85 92 16.0
85 110 4.0
85 113 11.0
85 132 6.0
85 134 6.0
85 144 4.0
85 150 2.0
85 152 10.0
85 158 5.0
85 161 4.0
85 168 16.0
85 178 19.0
85 181 4.0
85 183 5.0
85 99 10.0
85 102 12.0
85 104 3.0
85 111 5.0
85 121 15.0
85 125 7.0
85 133 14.0
85 147 10.0
85 151 8.0
85 163 17.0
85 164 14.0
85 167 6.0
85 174 17.0
85 180 6.0
85 185 19.0
85 186 2.0
85 190 17.0
86 91 6.0
86 100 11.0
86 109 14.0
86 111 1.0
86 115 2.0
86 116 16.0
86 117 2.0
86 125 14.0
86 127 18.0
86 131 7.0
86 134 3.0
86 139 6.0
86 143 2.0
86 150 19.0
86 156 2.0
86 158 11.0
86 160 10.0
86 161 5.0
86 163 8.0
86 169 4.0
86 173 3.0
86 176 1.0
86 89 15.0
86 94 17.0
86 96 1.0
86 103 16.0
86 133 2.0
86 136 12.0
86 137 14.0
86 142 19.0
86 153 19.0
86 171 12.0
86 184 19.0
86 185 17.0
86 195 17.0
86 197 18.0
86 199 10.0
87 89 13.0
87 92 5.0
87 101 10.0
87 104 7.0
87 116 1.0
87 126 9.0
87 136 3.0
87 138 10.0
87 140 12.0
87 142 1.0
87 150 19.0
87 154 18.0
87 187 14.0
87 106 11.0
87 109 14.0
87 110 1.0
87 123 10.0
87 127 8.0
87 129 6.0
87 131 16.0
87 146 3.0
87 159 17.0
87 160 4.0
87 165 13.0
87 168 8.0
87 171 1.0
87 172 13.0
87 174 2.0
87 178 1.0
87 190 11.0
87 193 6.0
88 120 17.0
88 121 12.0
88 129 16.0
88 135 15.0
88 146 6.0
88 147 8.0
88 159 12.0
88 169 11.0
88 178 14.0
88 180 13.0
88 186 13.0
88 193 4.0
88 195 7.0
88 89 2.0
88 90 6.0
88 93 19.0
88 99 9.0
88 102 1.0
88 105 1.0
88 123 19.0
88 127 15.0
88 132 16.0
88 139 17.0
88 142 14.0
88 144 5.0
88 149 17.0
88 153 9.0
88 155 15.0
88 162 3.0
88 163 16.0
88 170 16.0
88 171 7.0
88 172 11.0
88 183 4.0
88 184 7.0
89 90 2.0
89 93 11.0
89 98 15.0
89 99 8.0
89 100 2.0
89 107 13.0
89 109 18.0
89 114 14.0
89 117 7.0
89 124 7.0
89 127 15.0
89 129 18.0
89 132 6.0
89 138 8.0
89 139 12.0
89 141 2.0
89 142 1.0
89 148 6.0
89 149 15.0
89 150 10.0
89 151 7.0
89 166 18.0
89 174 17.0
89 175 18.0
89 183 4.0
89 187 9.0
89 190 7.0
89 191 18.0
89 195 11.0
89 96 7.0
89 97 9.0
89 106 1.0
89 112 1.0
89 113 9.0
89 144 8.0
89 167 4.0
89 168 11.0
89 169 10.0
89 173 12.0
89 180 15.0
89 182 7.0
89 184 9.0
90 98 5.0
90 102 7.0
90 111 5.0
90 113 17.0
90 142 13.0
90 143 17.0
90 145 9.0
90 147 4.0
90 148 7.0
90 161 3.0
90 163 9.0
90 165 12.0
90 168 18.0
90 169 5.0
90 173 14.0
90 175 7.0
90 177 12.0
90 179 6.0
90 190 18.0
90 94 12.0
90 99 17.0
90 100 5.0
90 106 15.0
90 125 11.0
90 132 19.0
90 134 3.0
90 149 1.0
90 150 9.0
90 151 15.0
90 156 1.0
90 159 12.0
90 167 11.0
90 174 17.0
90 180 10.0
90 181 16.0
90 182 13.0
90 188 5.0
91 92 2.0
91 95 6.0
91 107 6.0
91 122 11.0
91 123 1.0
91 125 19.0
91 134 6.0
91 143 19.0
91 149 17.0
91 150 18.0
91 153 19.0
91 160 10.0
91 173 4.0
91 197 12.0
91 199 1.0
91 98 13.0
91 99 7.0
91 102 5.0
91 111 4.0
91 130 2.0
91 145 2.0
91 157 6.0
91 159 2.0
91 162 1.0
91 164 1.0
91 180 15.0
91 181 11.0
91 195 6.0
91 196 5.0
92 95 6.0
92 99 8.0
92 111 11.0
92 112 15.0
92 115 1.0
92 116 12.0
92 120 1.0
92 142 2.0
92 144 19.0
92 146 2.0
92 148 15.0
92 162 15.0
92 169 2.0
92 178 1.0
92 108 16.0
92 127 14.0
92 134 10.0
92 135 6.0
92 136 13.0
92 139 8.0
92 141 14.0
92 156 4.0
92 160 9.0
92 161 15.0
92 171 11.0
92 176 1.0
92 179 14.0
92 187 12.0
92 189 16.0
92 192 19.0
92 195 3.0
92 198 3.0
93 99 9.0
93 104 9.0
93 129 10.0
93 132 18.0
93 140 1.0
93 153 2.0
93 166 11.0
93 173 3.0
93 175 2.0
93 182 18.0
93 184 10.0
93 185 5.0
93 198 11.0
93 103 14.0
93 107 16.0
93 117 1.0
93 126 2.0
93 141 8.0
93 149 14.0
93 152 2.0
93 159 10.0
93 165 11.0
93 169 11.0
93 170 9.0
93 171 12.0
93 172 8.0
93 191 9.0
93 194 1.0
94 97 13.0
94 104 1.0
94 110 19.0
94 118 18.0
94 120 3.0
94 127 17.0
94 144 19.0
94 147 6.0
94 150 17.0
94 165 5.0
94 169 19.0
94 184 13.0
94 189 3.0
94 193 6.0
94 111 10.0
94 124 12.0
94 126 5.0
94 129 16.0
94 136 11.0
94 155 13.0
94 160 5.0
94 164 12.0
94 186 14.0
94 188 17.0
94 190 8.0
95 97 9.0
95 105 7.0
95 110 8.0
95 112 2.0
95 114 3.0
95 118 12.0
95 125 9.0
95 129 18.0
95 134 3.0
95 144 12.0
95 145 13.0
95 146 3.0
95 155 19.0
95 156 10.0
95 173 5.0
95 175 9.0
95 184 3.0
95 96 18.0
95 102 7.0
95 109 5.0
95 122 6.0
95 123 6.0
95 126 17.0
95 136 5.0
95 142 11.0
95 148 17.0
95 154 12.0
95 157 7.0
95 159 5.0
95 167 6.0
95 194 11.0
95 198 19.0
95 199 2.0
96 98 12.0
96 99 3.0
96 100 7.0
96 101 1.0
96 110 13.0
96 111 12.0
96 117 15.0
96 141 15.0
96 161 5.0
96 167 4.0
96 172 2.0
96 185 4.0
96 190 4.0
96 196 7.0
96 198 14.0
96 123 1.0
96 124 19.0
96 127 3.0
96 128 17.0
96 130 16.0
96 137 15.0
96 150 4.0
96 158 16.0
96 162 10.0
96 169 10.0
96 173 12.0
96 174 9.0
96 177 17.0
96 180 16.0
96 187 1.0
97 106 2.0
97 112 18.0
97 117 7.0
97 142 1.0
97 144 17.0
97 145 16.0
97 167 3.0
97 168 12.0
97 178 6.0
97 113 8.0
97 125 8.0
97 147 7.0
97 149 1.0
97 153 7.0
97 170 14.0
97 173 12.0
97 182 1.0
97 188 16.0
97 195 11.0
98 116 16.0
98 127 8.0
98 132 9.0
98 140 4.0
98 148 13.0
98 193 16.0
98 113 19.0
98 115 3.0
98 117 3.0
98 118 14.0
98 125 10.0
98 128 12.0
98 129 1.0
98 137 18.0
98 144 9.0
98 149 16.0
98 151 15.0
98 158 18.0
98 161 9.0
98 171 18.0
98 184 8.0
98 198 14.0
99 113 16.0
99 121 6.0
99 127 15.0
99 128 2.0
99 130 9.0
99 133 12.0
99 146 1.0
99 152 11.0
99 155 12.0
99 156 7.0
99 160 9.0
99 162 12.0
99 167 13.0
99 177 11.0
99 183 17.0
99 184 2.0
99 187 6.0
99 194 13.0
99 196 14.0
99 197 2.0
99 101 1.0
99 106 12.0
99 115 14.0
99 116 13.0
99 141 11.0
99 142 17.0
99 143 8.0
99 154 9.0
99 170 10.0
99 175 16.0
99 192 14.0
100 109 16.0
100 117 10.0
100 119 10.0
100 121 13.0
100 132 11.0
100 153 16.0
100 156 17.0
100 170 1.0
100 180 6.0
100 189 2.0
100 190 2.0
100 106 8.0
100 111 5.0
100 113 17.0
100 114 12.0
100 127 13.0
100 131 6.0
100 134 1.0
100 137 16.0
100 140 18.0
100 158 4.0
100 162 4.0
100 166 13.0
100 187 3.0
100 193 14.0
100 196 19.0
100 197 9.0
101 109 16.0
101 128 3.0
101 135 6.0
101 141 16.0
101 143 9.0
101 148 9.0
101 151 2.0
101 152 1.0
101 158 17.0
101 160 5.0
101 162 16.0
101 167 10.0
101 171 3.0
101 180 3.0
101 192 6.0
101 199 1.0
101 103 10.0
101 104 11.0
101 110 8.0
101 131 4.0
101 137 2.0
101 138 16.0
101 145 11.0
101 157 10.0
101 164 8.0
101 170 3.0
101 182 6.0
101 191 5.0
102 111 14.0
102 123 1.0
102 131 9.0
102 135 7.0
102 137 7.0
102 139 5.0
102 144 17.0
102 157 13.0
102 167 1.0
102 168 9.0
102 177 18.0
102 188 15.0
102 194 9.0
102 195 2.0
102 108 15.0
102 109 9.0
102 120 15.0
102 132 9.0
102 138 13.0
102 156 13.0
102 182 2.0
102 186 3.0
102 197 8.0
103 104 17.0
103 125 12.0
103 127 12.0
103 129 3.0
103 133 10.0
103 135 12.0
103 143 11.0
103 148 12.0
103 153 4.0
103 157 2.0
103 159 4.0
103 168 19.0
103 172 3.0
103 176 6.0
103 184 1.0
103 192 6.0
103 108 3.0
103 111 6.0
103 119 11.0
103 122 10.0
103 126 7.0
103 130 7.0
103 137 14.0
103 139 5.0
103 149 3.0
103 154 4.0
103 156 3.0
103 163 7.0
103 171 1.0
103 188 2.0
103 190 18.0
103 191 17.0
103 198 19.0
104 115 3.0
104 123 13.0
104 126 7.0
104 132 3.0
104 135 11.0
104 136 4.0
104 139 18.0
104 143 4.0
104 146 7.0
104 160 10.0
104 168 10.0
104 175 11.0
104 185 7.0
104 186 15.0
104 195 4.0
104 198 17.0
104 199 11.0
104 110 1.0
104 117 18.0
104 130 3.0
104 133 19.0
104 141 18.0
104 147 4.0
104 148 10.0
104 149 10.0
104 152 5.0
104 157 9.0
104 170 18.0
104 179 18.0
104 180 6.0
104 187 3.0
104 191 12.0
105 112 4.0
105 119 14.0
105 134 5.0
105 142 2.0
105 157 19.0
105 159 2.0
105 171 16.0
105 172 13.0
105 190 17.0
105 199 10.0
105 109 16.0
105 111 1.0
105 115 12.0
105 117 17.0
105 122 16.0
105 124 15.0
105 132 7.0
105 137 3.0
105 145 10.0
105 156 7.0
105 162 15.0
105 165 9.0
105 177 8.0
105 189 18.0
105 195 1.0
106 130 2.0
106 135 4.0
106 136 16.0
106 166 8.0
106 190 13.0
106 108 12.0
106 111 2.0
106 113 3.0
106 115 11.0
106 116 19.0
106 124 3.0
106 131 12.0
106 132 5.0
106 145 2.0
106 147 6.0
106 152 9.0
106 156 13.0
106 163 14.0
106 173 13.0
106 191 11.0
107 109 7.0
107 123 6.0
107 125 2.0
107 136 13.0
107 139 5.0
107 148 16.0
107 153 5.0
107 157 17.0
107 173 13.0
107 175 9.0
107 180 8.0
107 197 10.0
107 108 4.0
107 112 14.0
107 130 14.0
107 134 13.0
107 140 8.0
107 145 10.0
107 150 8.0
107 158 11.0
107 160 6.0
107 161 16.0
107 169 3.0
107 170 15.0
107 171 12.0
107 174 5.0
107 176 19.0
107 177 9.0
107 189 17.0
108 119 7.0
108 122 8.0
108 125 6.0
108 126 16.0
108 131 9.0
108 138 2.0
108 149 2.0
108 151 7.0
108 159 1.0
108 166 16.0
108 173 19.0
108 175 14.0
108 176 6.0
108 181 9.0
108 185 2.0
108 189 16.0
108 192 14.0
108 196 2.0
108 121 2.0
108 133 2.0
108 139 6.0
108 146 16.0
108 164 5.0
108 169 7.0
108 178 3.0
108 184 10.0
108 198 4.0
108 199 15.0
109 111 1.0
109 115 18.0
109 118 5.0
109 127 16.0
109 130 17.0
109 144 2.0
109 145 6.0
109 150 14.0
109 151 3.0
109 152 3.0
109 153 19.0
109 156 13.0
109 158 19.0
109 159 2.0
109 160 9.0
109 165 6.0
109 167 7.0
109 169 14.0
109 177 1.0
109 180 15.0
109 183 7.0
109 185 1.0
109 187 18.0
109 199 15.0
109 117 17.0
109 132 14.0
109 134 7.0
109 140 15.0
109 141 11.0
109 142 19.0
109 164 8.0
109 166 18.0
109 168 13.0
109 172 1.0
109 182 19.0
110 122 8.0
110 124 8.0
110 129 19.0
110 149 11.0
110 150 3.0
110 152 13.0
110 156 4.0
110 168 15.0
110 186 13.0
110 190 10.0
110 191 11.0
110 193 15.0
110 195 6.0
110 197 14.0
110 118 2.0
110 132 9.0
110 171 14.0
110 182 7.0
110 188 9.0
110 189 8.0
111 113 15.0
111 120 3.0
111 124 8.0
111 125 10.0
111 133 6.0
111 139 1.0
111 141 12.0
111 145 3.0
111 146 13.0
111 163 6.0
111 170 19.0
111 175 2.0
111 127 2.0
111 129 16.0
111 142 4.0
111 152 4.0
111 157 18.0
111 158 3.0
111 162 10.0
111 177 14.0
111 178 12.0
111 197 16.0
112 116 8.0
112 118 19.0
112 121 5.0
112 123 4.0
112 127 4.0
112 136 19.0
112 138 19.0
112 147 12.0
112 152 13.0
112 163 16.0
112 164 12.0
112 165 2.0
112 186 12.0
112 199 4.0
112 117 9.0
112 124 10.0
112 129 17.0
112 132 6.0
112 148 15.0
112 150 3.0
112 151 11.0
112 167 13.0
112 170 3.0
112 172 12.0
112 175 8.0
112 176 14.0
112 178 13.0
112 179 7.0
112 183 5.0
112 195 14.0
113 114 10.0
113 121 12.0
113 122 9.0
113 123 2.0
113 136 19.0
113 138 12.0
113 146 17.0
113 150 15.0
113 151 7.0
113 154 14.0
113 161 2.0
113 166 5.0
113 167 18.0
113 168 4.0
113 176 8.0
113 192 5.0
113 199 14.0
113 116 2.0
113 143 1.0
113 148 2.0
113 152 13.0
113 157 11.0
113 158 16.0
113 160 6.0
113 179 4.0
113 187 8.0
113 190 7.0
113 191 18.0
113 195 7.0
114 119 12.0
114 120 18.0
114 123 10.0
114 125 16.0
114 135 8.0
114 138 2.0
114 155 2.0
114 172 1.0
114 177 8.0
114 179 3.0
114 181 6.0
114 185 1.0
114 193 13.0
114 198 11.0
114 115 17.0
114 131 3.0
114 134 16.0
114 159 13.0
114 160 15.0
114 164 13.0
114 170 7.0
114 175 8.0
114 199 3.0
115 125 1.0
115 142 10.0
115 148 14.0
115 151 7.0
115 153 15.0
115 154 17.0
115 160 15.0
115 168 4.0
115 171 14.0
115 172 9.0
115 173 16.0
115 184 5.0
115 191 18.0
115 117 15.0
115 118 13.0
115 126 4.0
115 137 2.0
115 143 4.0
115 152 11.0
115 158 10.0
115 169 2.0
115 192 10.0
115 199 19.0
116 120 17.0
116 129 1.0
116 130 17.0
116 140 14.0
116 148 14.0
116 153 15.0
116 162 2.0
116 163 5.0
116 167 1.0
116 168 14.0
116 170 19.0
116 174 10.0
116 181 5.0
116 188 8.0
116 190 5.0
116 192 12.0
116 139 17.0
116 145 8.0
116 152 11.0
116 165 8.0
116 175 5.0
116 182 4.0
116 195 3.0
117 118 6.0
117 126 2.0
117 136 18.0
117 146 6.0
117 174 14.0
117 175 2.0
117 181 2.0
117 195 3.0
117 199 2.0
117 120 16.0
117 133 9.0
117 143 11.0
117 144 16.0
117 149 19.0
117 151 17.0
117 164 7.0
117 168 16.0
117 178 1.0
117 196 7.0
117 197 18.0
118 122 4.0
118 135 1.0
118 138 14.0
118 140 7.0
118 148 6.0
118 151 16.0
118 158 1.0
118 160 2.0
118 161 16.0
118 164 8.0
118 173 8.0
118 179 12.0
118 181 19.0
118 186 2.0
118 198 7.0
118 137 16.0
118 150 8.0
118 156 18.0
118 163 1.0
118 166 7.0
118 170 16.0
118 184 11.0
118 195 13.0
119 121 7.0
119 123 2.0
119 127 7.0
119 133 1.0
119 140 1.0
119 145 4.0
119 148 10.0
119 149 18.0
119 152 6.0
119 156 15.0
119 161 8.0
119 163 14.0
119 167 3.0
119 174 9.0
119 184 7.0
119 195 14.0
119 124 1.0
119 132 9.0
119 136 7.0
119 141 11.0
119 154 15.0
119 183 7.0
119 191 13.0
120 125 2.0
120 127 6.0
120 129 13.0
120 131 1.0
120 136 9.0
120 143 12.0
120 144 14.0
120 148 15.0
120 158 6.0
120 168 11.0
120 175 7.0
120 180 3.0
120 183 14.0
120 123 17.0
120 138 19.0
120 146 4.0
120 149 15.0
120 151 11.0
120 157 17.0
120 163 17.0
120 165 12.0
120 178 3.0
120 182 8.0
120 187 8.0
120 191 3.0
120 192 14.0
120 196 6.0
120 199 15.0
121 124 16.0
121 126 13.0
121 127 1.0
121 137 5.0
121 138 6.0
121 146 4.0
121 147 2.0
121 153 7.0
121 157 6.0
121 178 14.0
121 182 15.0
121 186 12.0
121 197 11.0
121 132 14.0
121 136 3.0
121 139 13.0
121 145 19.0
121 151 19.0
121 159 5.0
121 169 18.0
121 170 11.0
121 171 15.0
122 125 3.0
122 128 10.0
122 136 6.0
122 143 15.0
122 144 7.0
122 164 12.0
122 169 19.0
122 173 19.0
122 176 9.0
122 179 11.0
122 189 14.0
122 194 5.0
122 123 15.0
122 132 12.0
122 138 14.0
122 157 8.0
122 171 5.0
122 177 9.0
122 195 8.0
123 125 17.0
123 126 6.0
123 127 1.0
123 137 9.0
123 147 6.0
123 157 5.0
123 167 11.0
123 170 11.0
123 172 6.0
123 180 11.0
123 189 15.0
123 192 17.0
123 195 3.0
123 130 9.0
123 149 15.0
123 159 11.0
123 160 19.0
123 178 12.0
123 181 9.0
123 184 12.0
123 187 8.0
124 128 11.0
124 138 6.0
124 140 13.0
124 144 10.0
124 148 16.0
124 149 16.0
124 151 19.0
124 160 7.0
124 165 6.0
124 173 9.0
124 174 6.0
124 176 17.0
124 186 15.0
124 187 18.0
124 188 1.0
124 191 15.0
124 195 16.0
124 196 7.0
124 126 3.0
124 141 2.0
124 143 14.0
124 145 13.0
124 147 12.0
124 150 13.0
124 155 16.0
124 156 11.0
124 157 2.0
124 161 8.0
124 166 2.0
124 175 10.0
124 180 13.0
124 181 16.0
124 182 9.0
124 189 18.0
124 193 5.0
125 128 12.0
125 141 17.0
125 145 16.0
125 156 11.0
125 161 5.0
125 163 5.0
125 172 12.0
125 181 18.0
125 190 2.0
125 129 9.0
125 134 9.0
125 138 4.0
125 142 17.0
125 144 2.0
125 146 15.0
125 148 4.0
125 171 11.0
125 173 12.0
125 176 9.0
125 178 7.0
125 180 8.0
125 182 16.0
125 183 10.0
125 189 19.0
126 136 8.0
126 143 5.0
126 148 19.0
126 162 9.0
126 164 17.0
126 172 19.0
126 187 9.0
126 133 6.0
126 135 16.0
126 138 6.0
126 153 1.0
126 159 4.0
126 174 1.0
126 182 16.0
126 197 14.0
126 199 3.0
127 135 4.0
127 148 14.0
127 159 2.0
127 170 14.0
127 173 3.0
127 177 16.0
127 183 2.0
127 136 9.0
127 141 2.0
127 143 14.0
127 147 8.0
127 157 11.0
127 161 12.0
127 166 4.0
127 167 10.0
127 172 14.0
127 175 12.0
127 180 7.0
127 181 8.0
127 187 14.0
128 134 5.0
128 136 8.0
128 147 11.0
128 168 8.0
128 169 15.0
128 174 15.0
128 181 3.0
128 188 18.0
128 194 5.0
128 195 3.0
128 196 15.0
128 197 1.0
128 139 14.0
128 160 8.0
128 161 15.0
128 164 8.0
128 175 7.0
128 179 12.0
128 182 19.0
128 183 9.0
128 190 14.0
129 134 3.0
129 138 14.0
129 148 16.0
129 154 1.0
129 159 1.0
129 166 4.0
129 167 16.0
129 171 6.0
129 172 10.0
129 174 10.0
129 177 2.0
129 184 9.0
129 189 6.0
129 192 10.0
129 196 11.0
129 141 19.0
129 146 19.0
129 153 3.0
129 158 17.0
129 160 5.0
129 165 16.0
129 186 16.0
130 131 17.0
130 132 6.0
130 133 19.0
130 141 19.0
130 149 3.0
130 162 17.0
130 163 19.0
130 169 13.0
130 176 11.0
130 185 6.0
130 193 14.0
130 195 16.0
130 135 12.0
130 153 9.0
130 154 9.0
130 159 8.0
130 161 7.0
130 170 9.0
130 172 1.0
130 173 6.0
130 175 13.0
130 177 19.0
130 181 10.0
130 186 6.0
130 199 15.0
131 136 11.0
131 158 16.0
131 166 7.0
131 171 19.0
131 173 14.0
131 176 13.0
131 177 16.0
131 178 9.0
131 186 1.0
131 189 15.0
131 194 4.0
131 138 1.0
131 140 7.0
131 149 6.0
131 163 8.0
131 164 10.0
131 165 13.0
131 167 1.0
131 179 10.0
131 182 17.0
131 196 4.0
131 199 16.0
132 150 4.0
132 152 4.0
132 154 18.0
132 176 19.0
132 189 4.0
132 195 11.0
132 198 1.0
132 133 8.0
132 135 6.0
132 169 6.0
132 175 15.0
132 187 6.0
133 134 14.0
133 138 4.0
133 157 6.0
133 162 7.0
133 174 16.0
133 178 1.0
133 181 14.0
133 190 9.0
133 146 14.0
133 176 11.0
133 185 2.0
133 186 6.0
133 187 13.0
134 137 3.0
134 142 3.0
134 144 3.0
134 145 2.0
134 156 12.0
134 175 11.0
134 177 18.0
134 182 8.0
134 186 16.0
134 191 14.0
134 195 5.0
134 135 13.0
134 139 18.0
134 163 9.0
134 165 10.0
134 172 19.0
134 185 11.0
134 187 8.0
134 192 9.0
134 196 9.0
135 136 4.0
135 155 4.0
135 158 8.0
135 162 11.0
135 179 10.0
135 187 19.0
135 191 4.0
135 193 9.0
135 199 6.0
135 137 13.0
135 150 14.0
135 151 1.0
135 175 13.0
135 176 16.0
135 182 5.0
135 197 5.0
136 137 2.0
136 140 19.0
136 148 14.0
136 151 3.0
136 156 7.0
136 167 9.0
136 172 6.0
136 183 14.0
136 144 17.0
136 145 7.0
136 146 16.0
136 152 8.0
136 159 10.0
136 175 14.0
136 181 8.0
136 184 18.0
136 185 3.0
136 187 6.0
136 188 18.0
136 194 8.0
137 142 11.0
137 144 5.0
137 145 8.0
137 153 11.0
137 158 12.0
137 166 12.0
137 168 17.0
137 170 16.0
137 175 19.0
137 180 19.0
137 140 13.0
137 162 9.0
137 174 13.0
137 179 4.0
137 181 5.0
137 184 13.0
137 189 5.0
138 146 13.0
138 154 14.0
138 159 15.0
138 176 8.0
138 188 4.0
138 191 2.0
138 199 13.0
138 155 18.0
138 166 5.0
138 167 16.0
138 168 4.0
138 182 4.0
139 146 15.0
139 163 1.0
139 164 13.0
139 180 19.0
139 188 7.0
139 189 4.0
139 190 3.0
139 195 16.0
139 198 19.0
139 143 14.0
139 147 3.0
139 154 4.0
139 165 8.0
139 166 3.0
139 182 12.0
139 192 17.0
139 194 19.0
140 141 16.0
140 146 10.0
140 147 7.0
140 148 17.0
140 166 13.0
140 196 2.0
140 145 16.0
140 150 15.0
140 157 14.0
140 165 9.0
140 174 12.0
140 177 12.0
140 182 10.0
140 185 13.0
140 188 6.0
140 193 14.0
141 145 11.0
141 147 14.0
141 153 7.0
141 161 9.0
141 162 9.0
141 175 11.0
141 196 18.0
141 148 10.0
141 157 19.0
141 160 5.0
141 166 11.0
141 170 1.0
141 173 15.0
141 185 8.0
141 188 3.0
141 189 12.0
141 198 7.0
142 152 8.0
142 154 16.0
142 175 1.0
142 179 15.0
142 183 6.0
142 192 8.0
142 195 6.0
142 149 14.0
142 166 5.0
142 177 5.0
142 181 4.0
142 190 3.0
143 147 12.0
143 148 3.0
143 170 16.0
143 172 18.0
143 176 2.0
143 180 4.0
143 181 7.0
143 199 19.0
143 151 13.0
143 154 4.0
143 158 5.0
143 162 11.0
143 168 8.0
143 175 13.0
143 186 5.0
143 195 14.0
143 198 3.0
144 147 1.0
144 159 9.0
144 164 15.0
144 169 15.0
144 171 9.0
144 187 11.0
144 188 9.0
144 192 10.0
144 157 9.0
144 174 4.0
144 183 11.0
145 163 6.0
145 175 12.0
145 186 9.0
145 188 1.0
145 196 5.0
145 198 7.0
145 147 1.0
145 148 8.0
145 160 9.0
145 168 7.0
145 183 5.0
145 185 8.0
145 190 11.0
145 197 1.0
145 199 18.0
146 147 6.0
146 158 15.0
146 163 17.0
146 164 9.0
146 166 11.0
146 174 7.0
146 180 13.0
146 183 2.0
146 186 9.0
146 191 11.0
146 198 19.0
146 154 9.0
146 159 11.0
146 170 14.0
146 172 4.0
146 187 9.0
146 188 15.0
146 196 11.0
147 156 13.0
147 162 3.0
147 182 15.0
147 191 10.0
147 170 4.0
147 174 10.0
147 197 17.0
148 150 12.0
148 155 9.0
148 161 11.0
148 187 12.0
148 188 3.0
148 194 14.0
148 196 16.0
148 199 4.0
148 158 13.0
148 164 7.0
148 169 5.0
148 170 12.0
148 173 10.0
148 174 10.0
148 175 13.0
148 181 18.0
148 190 17.0
148 195 14.0
149 151 14.0
149 156 7.0
149 160 2.0
149 165 5.0
149 175 5.0
149 179 12.0
149 188 12.0
149 194 12.0
149 197 14.0
149 158 19.0
149 159 18.0
149 163 12.0
149 167 9.0
150 154 14.0
150 162 5.0
150 170 1.0
150 175 14.0
150 177 13.0
150 178 17.0
150 179 4.0
150 181 5.0
150 182 1.0
150 192 13.0
150 193 4.0
150 196 1.0
150 199 16.0
150 153 16.0
150 165 3.0
150 176 12.0
150 185 2.0
150 195 5.0
150 198 17.0
151 183 16.0
151 187 12.0
151 191 10.0
151 193 19.0
151 159 2.0
151 163 17.0
151 177 11.0
151 188 4.0
152 155 7.0
152 159 10.0
152 167 4.0
152 179 16.0
152 185 17.0
152 196 10.0
152 156 6.0
152 170 19.0
152 173 13.0
152 190 13.0
152 191 4.0
152 198 15.0
153 164 10.0
153 167 6.0
153 168 5.0
153 170 13.0
153 185 9.0
153 187 15.0
153 194 12.0
153 179 10.0
153 186 15.0
153 190 19.0
153 199 8.0
154 160 7.0
154 161 8.0
154 162 5.0
154 168 11.0
154 171 18.0
154 180 5.0
154 185 1.0
154 186 7.0
154 187 12.0
154 159 3.0
154 163 2.0
154 164 12.0
154 170 6.0
154 174 9.0
154 183 10.0
154 189 19.0
154 192 11.0
155 157 14.0
155 162 12.0
155 167 6.0
155 175 17.0
155 177 6.0
155 165 8.0
155 171 2.0
155 172 17.0
155 183 8.0
155 184 18.0
155 186 12.0
155 199 2.0
156 158 7.0
156 161 18.0
156 169 9.0
156 174 12.0
156 179 7.0
156 197 11.0
156 199 1.0
156 157 6.0
156 159 6.0
156 162 3.0
156 164 8.0
156 165 6.0
156 173 11.0
156 182 14.0
156 189 17.0
156 192 12.0
156 198 2.0
157 172 11.0
157 186 12.0
157 188 8.0
157 195 3.0
157 176 13.0
157 191 1.0
157 193 9.0
158 165 1.0
158 167 12.0
158 177 13.0
158 181 16.0
158 192 5.0
158 199 7.0
158 161 7.0
158 163 13.0
158 178 16.0
158 184 3.0
158 186 5.0
158 189 15.0
158 193 6.0
159 165 12.0
159 166 12.0
159 169 15.0
159 175 1.0
159 176 2.0
159 179 10.0
159 180 13.0
159 184 17.0
159 185 15.0
159 194 9.0
159 161 1.0
159 173 7.0
159 177 13.0
159 193 6.0
160 165 3.0
160 166 8.0
160 169 7.0
160 178 7.0
160 183 11.0
160 189 9.0
160 191 8.0
160 196 10.0
160 175 14.0
160 192 14.0
160 194 6.0
160 199 12.0
161 162 2.0
161 185 6.0
161 187 6.0
161 188 17.0
161 198 12.0
161 163 5.0
161 165 13.0
161 169 7.0
161 171 11.0
161 191 14.0
161 192 15.0
161 196 18.0
162 166 16.0
162 175 5.0
162 181 14.0
162 187 15.0
162 197 18.0
162 198 14.0
162 165 7.0
162 177 18.0
163 167 9.0
163 169 18.0
163 170 15.0
163 171 16.0
163 174 19.0
163 180 15.0
163 168 16.0
163 176 9.0
163 178 8.0
163 179 13.0
163 181 16.0
163 198 5.0
164 165 15.0
164 174 10.0
164 179 19.0
164 169 5.0
164 171 10.0
164 176 18.0
164 177 1.0
164 185 10.0
164 187 9.0
165 172 17.0
165 175 14.0
165 183 5.0
165 186 15.0
165 199 4.0
165 168 19.0
165 170 3.0
165 184 14.0
165 185 5.0
166 172 10.0
166 174 6.0
166 179 11.0
166 181 16.0
166 182 15.0
166 194 2.0
166 196 3.0
166 195 17.0
167 174 14.0
167 183 15.0
167 188 14.0
167 190 14.0
168 169 10.0
168 180 15.0
168 182 8.0
168 191 2.0
168 174 11.0
168 184 5.0
168 186 10.0
168 192 11.0
168 196 2.0
168 197 4.0
168 198 6.0
169 174 8.0
169 182 9.0
169 188 18.0
169 189 1.0
169 191 7.0
169 196 12.0
169 198 2.0
170 176 18.0
170 179 17.0
170 181 2.0
170 190 6.0
170 192 1.0
170 199 19.0
170 171 18.0
170 177 2.0
170 182 14.0
170 198 2.0
171 185 4.0
171 188 17.0
171 191 10.0
171 193 6.0
171 183 3.0
171 199 4.0
172 174 12.0
172 179 5.0
172 182 18.0
172 190 12.0
172 198 3.0
172 176 2.0
172 192 16.0
173 174 5.0
173 175 17.0
173 176 11.0
173 177 16.0
173 178 12.0
173 180 15.0
173 189 10.0
173 186 18.0
173 193 18.0
174 192 7.0
174 176 6.0
174 177 5.0
174 184 9.0
174 193 3.0
175 176 18.0
175 189 13.0
175 193 15.0
175 183 7.0
175 194 2.0
176 183 3.0
176 184 11.0
176 185 4.0
176 186 3.0
176 194 2.0
176 190 3.0
176 191 13.0
176 199 9.0
177 179 10.0
177 191 2.0
177 195 2.0
177 196 12.0
177 199 7.0
177 183 9.0
177 189 2.0
177 193 7.0
178 199 10.0
178 182 5.0
178 185 15.0
178 188 2.0
178 193 14.0
178 196 8.0
179 187 15.0
179 182 11.0
179 186 2.0
179 188 8.0
179 189 16.0
179 198 5.0
180 183 17.0
180 188 16.0
180 190 14.0
180 187 15.0
181 183 6.0
181 184 19.0
181 190 12.0
181 195 19.0
181 182 7.0
181 187 18.0
181 194 10.0
181 198 13.0
181 199 16.0
182 185 10.0
182 197 10.0
182 199 3.0
182 196 16.0
183 192 15.0
183 199 5.0
183 186 8.0
184 185 17.0
184 191 12.0
184 199 1.0
184 197 12.0
185 192 6.0
186 191 13.0
186 193 4.0
186 195 18.0
186 196 13.0
186 187 10.0
186 189 16.0
186 198 11.0
186 199 16.0
187 195 3.0
187 194 8.0
188 190 18.0
188 194 15.0
188 193 14.0
189 199 1.0
189 193 5.0
189 198 17.0
190 194 5.0
191 193 14.0
191 197 4.0
191 195 12.0
192 195 7.0
192 197 8.0
192 196 9.0
193 194 7.0
194 199 7.0
194 195 11.0
194 198 19.0
195 198 10.0
196 197 12.0
197 198 7.0
197 199 10.0
